#           k/h    P           
    0.10000E-03    0.21436E+03
    0.10202E-03    0.21856E+03
    0.10408E-03    0.22284E+03
    0.10618E-03    0.22720E+03
    0.10833E-03    0.23165E+03
    0.11052E-03    0.23619E+03
    0.11275E-03    0.24081E+03
    0.11503E-03    0.24553E+03
    0.11735E-03    0.25033E+03
    0.11972E-03    0.25523E+03
    0.12214E-03    0.26023E+03
    0.12461E-03    0.26532E+03
    0.12712E-03    0.27052E+03
    0.12969E-03    0.27581E+03
    0.13231E-03    0.28121E+03
    0.13499E-03    0.28672E+03
    0.13771E-03    0.29233E+03
    0.14049E-03    0.29805E+03
    0.14333E-03    0.30389E+03
    0.14623E-03    0.30983E+03
    0.14918E-03    0.31590E+03
    0.15220E-03    0.32208E+03
    0.15527E-03    0.32838E+03
    0.15841E-03    0.33481E+03
    0.16161E-03    0.34136E+03
    0.16487E-03    0.34804E+03
    0.16820E-03    0.35485E+03
    0.17160E-03    0.36180E+03
    0.17507E-03    0.36887E+03
    0.17860E-03    0.37609E+03
    0.18221E-03    0.38345E+03
    0.18589E-03    0.39095E+03
    0.18965E-03    0.39860E+03
    0.19348E-03    0.40639E+03
    0.19739E-03    0.41434E+03
    0.20138E-03    0.42245E+03
    0.20544E-03    0.43071E+03
    0.20959E-03    0.43913E+03
    0.21383E-03    0.44772E+03
    0.21815E-03    0.45647E+03
    0.22255E-03    0.46539E+03
    0.22705E-03    0.47449E+03
    0.23164E-03    0.48377E+03
    0.23632E-03    0.49322E+03
    0.24109E-03    0.50286E+03
    0.24596E-03    0.51269E+03
    0.25093E-03    0.52271E+03
    0.25600E-03    0.53292E+03
    0.26117E-03    0.54333E+03
    0.26645E-03    0.55395E+03
    0.27183E-03    0.56477E+03
    0.27732E-03    0.57580E+03
    0.28292E-03    0.58704E+03
    0.28864E-03    0.59850E+03
    0.29447E-03    0.61019E+03
    0.30042E-03    0.62210E+03
    0.30649E-03    0.63424E+03
    0.31268E-03    0.64661E+03
    0.31899E-03    0.65923E+03
    0.32544E-03    0.67209E+03
    0.33201E-03    0.68520E+03
    0.33872E-03    0.69856E+03
    0.34556E-03    0.71218E+03
    0.35254E-03    0.72607E+03
    0.35966E-03    0.74022E+03
    0.36693E-03    0.75464E+03
    0.37434E-03    0.76934E+03
    0.38190E-03    0.78433E+03
    0.38962E-03    0.79960E+03
    0.39749E-03    0.81517E+03
    0.40552E-03    0.83104E+03
    0.41371E-03    0.84721E+03
    0.42207E-03    0.86369E+03
    0.43060E-03    0.88049E+03
    0.43929E-03    0.89761E+03
    0.44817E-03    0.91506E+03
    0.45722E-03    0.93284E+03
    0.46646E-03    0.95096E+03
    0.47588E-03    0.96943E+03
    0.48550E-03    0.98825E+03
    0.49530E-03    0.10074E+04
    0.50531E-03    0.10270E+04
    0.51552E-03    0.10469E+04
    0.52593E-03    0.10672E+04
    0.53656E-03    0.10879E+04
    0.54739E-03    0.11089E+04
    0.55845E-03    0.11304E+04
    0.56973E-03    0.11523E+04
    0.58124E-03    0.11746E+04
    0.59299E-03    0.11973E+04
    0.60496E-03    0.12204E+04
    0.61719E-03    0.12440E+04
    0.62965E-03    0.12680E+04
    0.64237E-03    0.12925E+04
    0.65535E-03    0.13174E+04
    0.66859E-03    0.13428E+04
    0.68210E-03    0.13687E+04
    0.69588E-03    0.13950E+04
    0.70993E-03    0.14218E+04
    0.72427E-03    0.14492E+04
    0.73891E-03    0.14770E+04
    0.75383E-03    0.15054E+04
    0.76906E-03    0.15342E+04
    0.78460E-03    0.15637E+04
    0.80045E-03    0.15936E+04
    0.81662E-03    0.16241E+04
    0.83311E-03    0.16552E+04
    0.84994E-03    0.16868E+04
    0.86711E-03    0.17190E+04
    0.88463E-03    0.17518E+04
    0.90250E-03    0.17851E+04
    0.92073E-03    0.18191E+04
    0.93933E-03    0.18537E+04
    0.95831E-03    0.18889E+04
    0.97767E-03    0.19248E+04
    0.99742E-03    0.19612E+04
    0.10176E-02    0.19984E+04
    0.10381E-02    0.20362E+04
    0.10591E-02    0.20746E+04
    0.10805E-02    0.21138E+04
    0.11023E-02    0.21536E+04
    0.11246E-02    0.21941E+04
    0.11473E-02    0.22353E+04
    0.11705E-02    0.22773E+04
    0.11941E-02    0.23199E+04
    0.12182E-02    0.23633E+04
    0.12429E-02    0.24075E+04
    0.12680E-02    0.24524E+04
    0.12936E-02    0.24980E+04
    0.13197E-02    0.25445E+04
    0.13464E-02    0.25917E+04
    0.13736E-02    0.26397E+04
    0.14013E-02    0.26885E+04
    0.14296E-02    0.27381E+04
    0.14585E-02    0.27885E+04
    0.14880E-02    0.28397E+04
    0.15180E-02    0.28918E+04
    0.15487E-02    0.29447E+04
    0.15800E-02    0.29985E+04
    0.16119E-02    0.30531E+04
    0.16445E-02    0.31086E+04
    0.16777E-02    0.31650E+04
    0.17116E-02    0.32222E+04
    0.17462E-02    0.32803E+04
    0.17814E-02    0.33394E+04
    0.18174E-02    0.33993E+04
    0.18541E-02    0.34601E+04
    0.18916E-02    0.35218E+04
    0.19298E-02    0.35844E+04
    0.19688E-02    0.36480E+04
    0.20086E-02    0.37125E+04
    0.20491E-02    0.37779E+04
    0.20905E-02    0.38442E+04
    0.21328E-02    0.39115E+04
    0.21758E-02    0.39797E+04
    0.22198E-02    0.40489E+04
    0.22646E-02    0.41190E+04
    0.23104E-02    0.41900E+04
    0.23571E-02    0.42620E+04
    0.24047E-02    0.43349E+04
    0.24533E-02    0.44088E+04
    0.25028E-02    0.44836E+04
    0.25534E-02    0.45594E+04
    0.26050E-02    0.46361E+04
    0.26576E-02    0.47137E+04
    0.27113E-02    0.47922E+04
    0.27660E-02    0.48717E+04
    0.28219E-02    0.49521E+04
    0.28789E-02    0.50334E+04
    0.29371E-02    0.51156E+04
    0.29964E-02    0.51987E+04
    0.30569E-02    0.52828E+04
    0.31187E-02    0.53677E+04
    0.31817E-02    0.54534E+04
    0.32460E-02    0.55400E+04
    0.33115E-02    0.56275E+04
    0.33784E-02    0.57158E+04
    0.34467E-02    0.58050E+04
    0.35163E-02    0.58949E+04
    0.35874E-02    0.59857E+04
    0.36598E-02    0.60772E+04
    0.37338E-02    0.61695E+04
    0.38092E-02    0.62625E+04
    0.38861E-02    0.63563E+04
    0.39646E-02    0.64507E+04
    0.40447E-02    0.65458E+04
    0.41264E-02    0.66416E+04
    0.42098E-02    0.67380E+04
    0.42948E-02    0.68350E+04
    0.43816E-02    0.69326E+04
    0.44701E-02    0.70308E+04
    0.45604E-02    0.71295E+04
    0.46525E-02    0.72286E+04
    0.47465E-02    0.73282E+04
    0.48424E-02    0.74283E+04
    0.49402E-02    0.75287E+04
    0.50400E-02    0.76295E+04
    0.51419E-02    0.77306E+04
    0.52457E-02    0.78319E+04
    0.53517E-02    0.79335E+04
    0.54598E-02    0.80353E+04
    0.55701E-02    0.81372E+04
    0.56826E-02    0.82393E+04
    0.57974E-02    0.83413E+04
    0.59145E-02    0.84434E+04
    0.60340E-02    0.85454E+04
    0.61559E-02    0.86473E+04
    0.62803E-02    0.87490E+04
    0.64072E-02    0.88505E+04
    0.65366E-02    0.89518E+04
    0.66686E-02    0.90526E+04
    0.68033E-02    0.91531E+04
    0.69408E-02    0.92531E+04
    0.70810E-02    0.93526E+04
    0.72240E-02    0.94514E+04
    0.73700E-02    0.95495E+04
    0.75189E-02    0.96469E+04
    0.76708E-02    0.97434E+04
    0.78257E-02    0.98391E+04
    0.79838E-02    0.99337E+04
    0.81451E-02    0.10027E+05
    0.83096E-02    0.10120E+05
    0.84775E-02    0.10211E+05
    0.86488E-02    0.10301E+05
    0.88235E-02    0.10389E+05
    0.90017E-02    0.10476E+05
    0.91836E-02    0.10561E+05
    0.93691E-02    0.10644E+05
    0.95583E-02    0.10726E+05
    0.97514E-02    0.10806E+05
    0.99484E-02    0.10883E+05
    0.10149E-01    0.10959E+05
    0.10354E-01    0.11032E+05
    0.10564E-01    0.11103E+05
    0.10777E-01    0.11172E+05
    0.10995E-01    0.11238E+05
    0.11217E-01    0.11301E+05
    0.11443E-01    0.11362E+05
    0.11675E-01    0.11419E+05
    0.11910E-01    0.11474E+05
    0.12151E-01    0.11525E+05
    0.12397E-01    0.11573E+05
    0.12647E-01    0.11618E+05
    0.12902E-01    0.11659E+05
    0.13163E-01    0.11696E+05
    0.13429E-01    0.11730E+05
    0.13700E-01    0.11760E+05
    0.13977E-01    0.11785E+05
    0.14259E-01    0.11807E+05
    0.14547E-01    0.11824E+05
    0.14841E-01    0.11837E+05
    0.15141E-01    0.11846E+05
    0.15447E-01    0.11850E+05
    0.15759E-01    0.11849E+05
    0.16077E-01    0.11843E+05
    0.16402E-01    0.11833E+05
    0.16734E-01    0.11817E+05
    0.17072E-01    0.11797E+05
    0.17416E-01    0.11771E+05
    0.17768E-01    0.11740E+05
    0.18127E-01    0.11704E+05
    0.18493E-01    0.11662E+05
    0.18867E-01    0.11615E+05
    0.19248E-01    0.11563E+05
    0.19637E-01    0.11505E+05
    0.20034E-01    0.11441E+05
    0.20438E-01    0.11372E+05
    0.20851E-01    0.11298E+05
    0.21272E-01    0.11218E+05
    0.21702E-01    0.11132E+05
    0.22141E-01    0.11042E+05
    0.22588E-01    0.10946E+05
    0.23044E-01    0.10844E+05
    0.23510E-01    0.10738E+05
    0.23985E-01    0.10627E+05
    0.24469E-01    0.10511E+05
    0.24964E-01    0.10390E+05
    0.25468E-01    0.10265E+05
    0.25982E-01    0.10135E+05
    0.26507E-01    0.10002E+05
    0.27043E-01    0.98648E+04
    0.27589E-01    0.97242E+04
    0.28146E-01    0.95803E+04
    0.28715E-01    0.94336E+04
    0.29295E-01    0.92843E+04
    0.29887E-01    0.91328E+04
    0.30490E-01    0.89794E+04
    0.31106E-01    0.88246E+04
    0.31735E-01    0.86687E+04
    0.32376E-01    0.85121E+04
    0.33030E-01    0.83553E+04
    0.33697E-01    0.81986E+04
    0.34378E-01    0.80424E+04
    0.35072E-01    0.78872E+04
    0.35781E-01    0.77334E+04
    0.36504E-01    0.75813E+04
    0.37241E-01    0.74315E+04
    0.37993E-01    0.72842E+04
    0.38761E-01    0.71398E+04
    0.39544E-01    0.69987E+04
    0.40343E-01    0.68612E+04
    0.41158E-01    0.67276E+04
    0.41989E-01    0.65981E+04
    0.42838E-01    0.64730E+04
    0.43703E-01    0.63524E+04
    0.44586E-01    0.62365E+04
    0.45486E-01    0.61253E+04
    0.46405E-01    0.60188E+04
    0.47343E-01    0.59172E+04
    0.48299E-01    0.58202E+04
    0.49275E-01    0.57277E+04
    0.50270E-01    0.56395E+04
    0.51286E-01    0.55553E+04
    0.52322E-01    0.54749E+04
    0.53379E-01    0.53977E+04
    0.54457E-01    0.53233E+04
    0.55557E-01    0.52512E+04
    0.56680E-01    0.51808E+04
    0.57825E-01    0.51114E+04
    0.58993E-01    0.50425E+04
    0.60184E-01    0.49732E+04
    0.61400E-01    0.49028E+04
    0.62641E-01    0.48307E+04
    0.63906E-01    0.47562E+04
    0.65197E-01    0.46785E+04
    0.66514E-01    0.45972E+04
    0.67858E-01    0.45116E+04
    0.69229E-01    0.44214E+04
    0.70627E-01    0.43264E+04
    0.72054E-01    0.42264E+04
    0.73510E-01    0.41214E+04
    0.74994E-01    0.40119E+04
    0.76509E-01    0.38980E+04
    0.78055E-01    0.37806E+04
    0.79632E-01    0.36603E+04
    0.81241E-01    0.35381E+04
    0.82882E-01    0.34151E+04
    0.84556E-01    0.32924E+04
    0.86264E-01    0.31712E+04
    0.88007E-01    0.30529E+04
    0.89785E-01    0.29385E+04
    0.91598E-01    0.28293E+04
    0.93449E-01    0.27261E+04
    0.95337E-01    0.26299E+04
    0.97263E-01    0.25412E+04
    0.99227E-01    0.24603E+04
    0.10123E+00    0.23875E+04
    0.10328E+00    0.23226E+04
    0.10536E+00    0.22650E+04
    0.10749E+00    0.22141E+04
    0.10966E+00    0.21690E+04
    0.11188E+00    0.21283E+04
    0.11414E+00    0.20907E+04
    0.11644E+00    0.20547E+04
    0.11880E+00    0.20186E+04
    0.12120E+00    0.19809E+04
    0.12365E+00    0.19402E+04
    0.12614E+00    0.18954E+04
    0.12869E+00    0.18458E+04
    0.13129E+00    0.17911E+04
    0.13394E+00    0.17315E+04
    0.13665E+00    0.16676E+04
    0.13941E+00    0.16008E+04
    0.14223E+00    0.15324E+04
    0.14510E+00    0.14643E+04
    0.14803E+00    0.13981E+04
    0.15102E+00    0.13357E+04
    0.15407E+00    0.12783E+04
    0.15718E+00    0.12269E+04
    0.16036E+00    0.11820E+04
    0.16360E+00    0.11436E+04
    0.16690E+00    0.11111E+04
    0.17028E+00    0.10834E+04
    0.17371E+00    0.10590E+04
    0.17722E+00    0.10363E+04
    0.18080E+00    0.10134E+04
    0.18446E+00    0.98880E+03
    0.18818E+00    0.96135E+03
    0.19198E+00    0.93043E+03
    0.19586E+00    0.89616E+03
    0.19982E+00    0.85927E+03
    0.20386E+00    0.82107E+03
    0.20797E+00    0.78311E+03
    0.21218E+00    0.74697E+03
    0.21646E+00    0.71396E+03
    0.22083E+00    0.68489E+03
    0.22530E+00    0.65996E+03
    0.22985E+00    0.63875E+03
    0.23449E+00    0.62031E+03
    0.23923E+00    0.60335E+03
    0.24406E+00    0.58649E+03
    0.24899E+00    0.56862E+03
    0.25402E+00    0.54908E+03
    0.25915E+00    0.52783E+03
    0.26439E+00    0.50545E+03
    0.26973E+00    0.48290E+03
    0.27518E+00    0.46127E+03
    0.28074E+00    0.44146E+03
    0.28641E+00    0.42391E+03
    0.29219E+00    0.40855E+03
    0.29810E+00    0.39482E+03
    0.30412E+00    0.38192E+03
    0.31026E+00    0.36902E+03
    0.31653E+00    0.35557E+03
    0.32292E+00    0.34147E+03
    0.32945E+00    0.32704E+03
    0.33610E+00    0.31286E+03
    0.34289E+00    0.29950E+03
    0.34982E+00    0.28732E+03
    0.35689E+00    0.27630E+03
    0.36409E+00    0.26612E+03
    0.37145E+00    0.25632E+03
    0.37895E+00    0.24652E+03
    0.38661E+00    0.23659E+03
    0.39442E+00    0.22666E+03
    0.40239E+00    0.21704E+03
    0.41052E+00    0.20797E+03
    0.41881E+00    0.19956E+03
    0.42727E+00    0.19169E+03
    0.43590E+00    0.18415E+03
    0.44471E+00    0.17674E+03
    0.45369E+00    0.16943E+03
    0.46286E+00    0.16229E+03
    0.47221E+00    0.15546E+03
    0.48174E+00    0.14900E+03
    0.49148E+00    0.14289E+03
    0.50141E+00    0.13704E+03
    0.51153E+00    0.13135E+03
    0.52187E+00    0.12582E+03
    0.53241E+00    0.12048E+03
    0.54317E+00    0.11539E+03
    0.55414E+00    0.11054E+03
    0.56533E+00    0.10590E+03
    0.57675E+00    0.10142E+03
    0.58840E+00    0.97094E+02
    0.60029E+00    0.92940E+02
    0.61242E+00    0.88967E+02
    0.62479E+00    0.85165E+02
    0.63741E+00    0.81517E+02
    0.65029E+00    0.78010E+02
    0.66342E+00    0.74643E+02
    0.67683E+00    0.71413E+02
    0.69050E+00    0.68318E+02
    0.70445E+00    0.65353E+02
    0.71868E+00    0.62511E+02
    0.73320E+00    0.59786E+02
    0.74801E+00    0.57175E+02
    0.76312E+00    0.54671E+02
    0.77854E+00    0.52272E+02
    0.79426E+00    0.49973E+02
    0.81031E+00    0.47770E+02
    0.82668E+00    0.45661E+02
    0.84338E+00    0.43640E+02
    0.86041E+00    0.41706E+02
    0.87780E+00    0.39853E+02
    0.89553E+00    0.38079E+02
    0.91362E+00    0.36381E+02
    0.93208E+00    0.34755E+02
    0.95091E+00    0.33200E+02
    0.97011E+00    0.31711E+02
    0.98971E+00    0.30286E+02
    0.10097E+01    0.28923E+02
    0.10301E+01    0.27619E+02
    0.10509E+01    0.26371E+02
    0.10721E+01    0.25178E+02
    0.10938E+01    0.24037E+02
    0.11159E+01    0.22945E+02
    0.11384E+01    0.21902E+02
    0.11614E+01    0.20904E+02
    0.11849E+01    0.19950E+02
    0.12088E+01    0.19038E+02
    0.12333E+01    0.18166E+02
    0.12582E+01    0.17333E+02
    0.12836E+01    0.16537E+02
    0.13095E+01    0.15776E+02
    0.13360E+01    0.15049E+02
    0.13630E+01    0.14355E+02
    0.13905E+01    0.13691E+02
    0.14186E+01    0.13058E+02
    0.14472E+01    0.12452E+02
    0.14765E+01    0.11874E+02
    0.15063E+01    0.11322E+02
    0.15367E+01    0.10795E+02
    0.15678E+01    0.10292E+02
    0.15994E+01    0.98111E+01
    0.16318E+01    0.93523E+01
    0.16647E+01    0.89144E+01
    0.16984E+01    0.84965E+01
    0.17327E+01    0.80975E+01
    0.17677E+01    0.77168E+01
    0.18034E+01    0.73535E+01
    0.18398E+01    0.70069E+01
    0.18770E+01    0.66761E+01
    0.19149E+01    0.63606E+01
    0.19536E+01    0.60596E+01
    0.19930E+01    0.57725E+01
    0.20333E+01    0.54987E+01
    0.20744E+01    0.52375E+01
    0.21163E+01    0.49884E+01
    0.21590E+01    0.47509E+01
    0.22026E+01    0.45244E+01
    0.22471E+01    0.43084E+01
    0.22925E+01    0.41025E+01
    0.23388E+01    0.39063E+01
    0.23861E+01    0.37192E+01
    0.24343E+01    0.35408E+01
    0.24835E+01    0.33708E+01
    0.25336E+01    0.32088E+01
    0.25848E+01    0.30544E+01
    0.26370E+01    0.29073E+01
    0.26903E+01    0.27671E+01
    0.27447E+01    0.26335E+01
    0.28001E+01    0.25063E+01
    0.28567E+01    0.23850E+01
    0.29144E+01    0.22695E+01
    0.29733E+01    0.21595E+01
    0.30333E+01    0.20547E+01
    0.30946E+01    0.19549E+01
    0.31571E+01    0.18598E+01
    0.32209E+01    0.17693E+01
    0.32860E+01    0.16831E+01
    0.33523E+01    0.16010E+01
    0.34201E+01    0.15229E+01
    0.34892E+01    0.14484E+01
    0.35596E+01    0.13776E+01
    0.36316E+01    0.13102E+01
    0.37049E+01    0.12459E+01
    0.37798E+01    0.11848E+01
    0.38561E+01    0.11267E+01
    0.39340E+01    0.10713E+01
    0.40135E+01    0.10186E+01
    0.40946E+01    0.96846E+00
    0.41773E+01    0.92074E+00
    0.42617E+01    0.87533E+00
    0.43478E+01    0.83212E+00
    0.44356E+01    0.79101E+00
    0.45252E+01    0.75190E+00
    0.46166E+01    0.71469E+00
    0.47099E+01    0.67929E+00
    0.48050E+01    0.64562E+00
    0.49021E+01    0.61359E+00
    0.50011E+01    0.58312E+00
    0.51021E+01    0.55415E+00
    0.52052E+01    0.52659E+00
    0.53104E+01    0.50038E+00
    0.54176E+01    0.47545E+00
    0.55271E+01    0.45175E+00
    0.56387E+01    0.42921E+00
    0.57526E+01    0.40778E+00
    0.58689E+01    0.38740E+00
    0.59874E+01    0.36803E+00
    0.61084E+01    0.34961E+00
    0.62318E+01    0.33210E+00
    0.63577E+01    0.31546E+00
    0.64861E+01    0.29964E+00
    0.66171E+01    0.28460E+00
    0.67508E+01    0.27030E+00
    0.68872E+01    0.25671E+00
    0.70263E+01    0.24380E+00
    0.71682E+01    0.23153E+00
    0.73130E+01    0.21986E+00
    0.74608E+01    0.20878E+00
    0.76115E+01    0.19825E+00
    0.77653E+01    0.18824E+00
    0.79221E+01    0.17873E+00
    0.80822E+01    0.16970E+00
    0.82454E+01    0.16112E+00
    0.84120E+01    0.15296E+00
    0.85819E+01    0.14521E+00
    0.87553E+01    0.13786E+00
    0.89322E+01    0.13086E+00
    0.91126E+01    0.12422E+00
    0.92967E+01    0.11792E+00
    0.94845E+01    0.11192E+00
    0.96761E+01    0.10623E+00
    0.98716E+01    0.10083E+00
    0.10071E+02    0.95696E-01
    0.10274E+02    0.90822E-01
    0.10482E+02    0.86193E-01
    0.10694E+02    0.81797E-01
    0.10910E+02    0.77623E-01
    0.11130E+02    0.73659E-01
    0.11355E+02    0.69896E-01
    0.11584E+02    0.66323E-01
    0.11818E+02    0.62930E-01
    0.12057E+02    0.59709E-01
    0.12301E+02    0.56652E-01
    0.12549E+02    0.53749E-01
    0.12803E+02    0.50993E-01
    0.13061E+02    0.48377E-01
    0.13325E+02    0.45894E-01
    0.13594E+02    0.43537E-01
    0.13869E+02    0.41300E-01
    0.14149E+02    0.39177E-01
    0.14435E+02    0.37162E-01
    0.14727E+02    0.35249E-01
    0.15024E+02    0.33434E-01
    0.15328E+02    0.31711E-01
    0.15637E+02    0.30076E-01
    0.15953E+02    0.28525E-01
    0.16275E+02    0.27053E-01
    0.16604E+02    0.25656E-01
    0.16940E+02    0.24331E-01
    0.17282E+02    0.23073E-01
    0.17631E+02    0.21880E-01
    0.17987E+02    0.20748E-01
    0.18351E+02    0.19674E-01
    0.18721E+02    0.18655E-01
    0.19099E+02    0.17689E-01
    0.19485E+02    0.16772E-01
    0.19879E+02    0.15902E-01
    0.20280E+02    0.15076E-01
    0.20690E+02    0.14294E-01
    0.21108E+02    0.13551E-01
    0.21535E+02    0.12847E-01
    0.21970E+02    0.12179E-01
    0.22413E+02    0.11545E-01
    0.22866E+02    0.10945E-01
    0.23328E+02    0.10375E-01
    0.23799E+02    0.98342E-02
    0.24280E+02    0.93217E-02
    0.24771E+02    0.88356E-02
    0.25271E+02    0.83747E-02
    0.25782E+02    0.79376E-02
    0.26302E+02    0.75231E-02
    0.26834E+02    0.71301E-02
    0.27376E+02    0.67575E-02
    0.27929E+02    0.64041E-02
    0.28493E+02    0.60691E-02
    0.29069E+02    0.57515E-02
    0.29656E+02    0.54504E-02
    0.30255E+02    0.51648E-02
    0.30866E+02    0.48942E-02
    0.31490E+02    0.46376E-02
    0.32126E+02    0.43943E-02
    0.32775E+02    0.41637E-02
    0.33437E+02    0.39451E-02
    0.34112E+02    0.37379E-02
    0.34801E+02    0.35415E-02
    0.35504E+02    0.33553E-02
    0.36222E+02    0.31788E-02
    0.36953E+02    0.30116E-02
    0.37700E+02    0.28530E-02
    0.38462E+02    0.27028E-02
    0.39239E+02    0.25604E-02
    0.40031E+02    0.24254E-02
    0.40840E+02    0.22975E-02
    0.41665E+02    0.21763E-02
    0.42507E+02    0.20614E-02
    0.43365E+02    0.19526E-02
    0.44241E+02    0.18494E-02
    0.45135E+02    0.17517E-02
    0.46047E+02    0.16591E-02
    0.46977E+02    0.15713E-02
    0.47926E+02    0.14881E-02
    0.48894E+02    0.14093E-02
    0.49882E+02    0.13347E-02
    0.50890E+02    0.12640E-02
    0.51918E+02    0.11969E-02
    0.52966E+02    0.11334E-02
    0.54036E+02    0.10733E-02
    0.55128E+02    0.10163E-02
    0.56242E+02    0.96233E-03
    0.57378E+02    0.91118E-03
    0.58537E+02    0.86274E-03
    0.59720E+02    0.81684E-03
    0.60926E+02    0.77337E-03
    0.62157E+02    0.73219E-03
    0.63412E+02    0.69318E-03
    0.64693E+02    0.65624E-03
    0.66000E+02    0.62124E-03
    0.67334E+02    0.58810E-03
    0.68694E+02    0.55671E-03
    0.70082E+02    0.52697E-03
    0.71497E+02    0.49882E-03
    0.72942E+02    0.47215E-03
    0.74415E+02    0.44689E-03
    0.75918E+02    0.42297E-03
    0.77452E+02    0.40032E-03
    0.79017E+02    0.37887E-03
    0.80613E+02    0.35856E-03
    0.82241E+02    0.33933E-03
    0.83903E+02    0.32112E-03
    0.85598E+02    0.30387E-03
    0.87327E+02    0.28754E-03
    0.89091E+02    0.27208E-03
    0.90891E+02    0.25744E-03
    0.92727E+02    0.24358E-03
    0.94600E+02    0.23046E-03
    0.96511E+02    0.21804E-03
    0.98461E+02    0.20628E-03
    0.10045E+03    0.19514E-03
    0.10248E+03    0.18460E-03
    0.10455E+03    0.17462E-03
    0.10666E+03    0.16518E-03
    0.10882E+03    0.15623E-03
    0.11101E+03    0.14777E-03
    0.11326E+03    0.13976E-03
    0.11554E+03    0.13218E-03
    0.11788E+03    0.12500E-03
    0.12026E+03    0.11821E-03
    0.12269E+03    0.11178E-03
    0.12517E+03    0.10569E-03
    0.12770E+03    0.99933E-04
    0.13028E+03    0.94483E-04
    0.13291E+03    0.89326E-04
    0.13559E+03    0.84446E-04
    0.13833E+03    0.79828E-04
    0.14113E+03    0.75458E-04
    0.14398E+03    0.71323E-04
    0.14689E+03    0.67411E-04
    0.14985E+03    0.63709E-04
    0.15288E+03    0.60207E-04
    0.15597E+03    0.56893E-04
    0.15912E+03    0.53759E-04
    0.16233E+03    0.50794E-04
    0.16561E+03    0.47988E-04
    0.16896E+03    0.45335E-04
    0.17237E+03    0.42825E-04
    0.17585E+03    0.40451E-04
    0.17941E+03    0.38206E-04
    0.18303E+03    0.36082E-04
    0.18673E+03    0.34074E-04
    0.19050E+03    0.32174E-04
    0.19435E+03    0.30378E-04
    0.19828E+03    0.28680E-04
    0.20228E+03    0.27074E-04
    0.20637E+03    0.25556E-04
    0.21054E+03    0.24120E-04
    0.21479E+03    0.22763E-04
    0.21913E+03    0.21481E-04
    0.22356E+03    0.20268E-04
    0.22807E+03    0.19122E-04
    0.23268E+03    0.18038E-04
    0.23738E+03    0.17015E-04
    0.24217E+03    0.16047E-04
    0.24707E+03    0.15133E-04
    0.25206E+03    0.14269E-04
    0.25715E+03    0.13453E-04
    0.26234E+03    0.12682E-04
    0.26764E+03    0.11954E-04
    0.27305E+03    0.11266E-04
    0.27857E+03    0.10616E-04
    0.28419E+03    0.10002E-04
    0.28994E+03    0.94228E-05
    0.29579E+03    0.88758E-05
    0.30177E+03    0.83593E-05
    0.30786E+03    0.78718E-05
    0.31408E+03    0.74116E-05
    0.32043E+03    0.69774E-05
    0.32690E+03    0.65676E-05
    0.33351E+03    0.61809E-05
    0.34024E+03    0.58162E-05
    0.34712E+03    0.54721E-05
    0.35413E+03    0.51476E-05
    0.36128E+03    0.48416E-05
    0.36858E+03    0.45531E-05
    0.37603E+03    0.42812E-05
    0.38362E+03    0.40248E-05
    0.39137E+03    0.37832E-05
    0.39928E+03    0.35556E-05
    0.40734E+03    0.33412E-05
    0.41557E+03    0.31393E-05
    0.42397E+03    0.29491E-05
    0.43253E+03    0.27700E-05
    0.44127E+03    0.26014E-05
    0.45019E+03    0.24427E-05
    0.45928E+03    0.22934E-05
    0.46856E+03    0.21530E-05
    0.47802E+03    0.20209E-05
    0.48768E+03    0.18966E-05
    0.49753E+03    0.17798E-05
    0.50758E+03    0.16699E-05
    0.51784E+03    0.15667E-05
    0.52830E+03    0.14697E-05
