#           k/h    P           
    0.10000E-03    0.24446E+02
    0.10202E-03    0.24924E+02
    0.10408E-03    0.25412E+02
    0.10618E-03    0.25910E+02
    0.10833E-03    0.26417E+02
    0.11052E-03    0.26934E+02
    0.11275E-03    0.27462E+02
    0.11503E-03    0.27999E+02
    0.11735E-03    0.28547E+02
    0.11972E-03    0.29106E+02
    0.12214E-03    0.29676E+02
    0.12461E-03    0.30257E+02
    0.12712E-03    0.30849E+02
    0.12969E-03    0.31453E+02
    0.13231E-03    0.32068E+02
    0.13499E-03    0.32696E+02
    0.13771E-03    0.33336E+02
    0.14049E-03    0.33988E+02
    0.14333E-03    0.34654E+02
    0.14623E-03    0.35332E+02
    0.14918E-03    0.36023E+02
    0.15220E-03    0.36728E+02
    0.15527E-03    0.37447E+02
    0.15841E-03    0.38179E+02
    0.16161E-03    0.38926E+02
    0.16487E-03    0.39688E+02
    0.16820E-03    0.40464E+02
    0.17160E-03    0.41256E+02
    0.17507E-03    0.42063E+02
    0.17860E-03    0.42886E+02
    0.18221E-03    0.43724E+02
    0.18589E-03    0.44579E+02
    0.18965E-03    0.45451E+02
    0.19348E-03    0.46340E+02
    0.19739E-03    0.47246E+02
    0.20138E-03    0.48170E+02
    0.20544E-03    0.49111E+02
    0.20959E-03    0.50072E+02
    0.21383E-03    0.51050E+02
    0.21815E-03    0.52048E+02
    0.22255E-03    0.53065E+02
    0.22705E-03    0.54102E+02
    0.23164E-03    0.55159E+02
    0.23632E-03    0.56237E+02
    0.24109E-03    0.57335E+02
    0.24596E-03    0.58455E+02
    0.25093E-03    0.59597E+02
    0.25600E-03    0.60761E+02
    0.26117E-03    0.61947E+02
    0.26645E-03    0.63157E+02
    0.27183E-03    0.64390E+02
    0.27732E-03    0.65646E+02
    0.28292E-03    0.66927E+02
    0.28864E-03    0.68233E+02
    0.29447E-03    0.69564E+02
    0.30042E-03    0.70921E+02
    0.30649E-03    0.72304E+02
    0.31268E-03    0.73714E+02
    0.31899E-03    0.75151E+02
    0.32544E-03    0.76616E+02
    0.33201E-03    0.78109E+02
    0.33872E-03    0.79631E+02
    0.34556E-03    0.81182E+02
    0.35254E-03    0.82763E+02
    0.35966E-03    0.84374E+02
    0.36693E-03    0.86017E+02
    0.37434E-03    0.87690E+02
    0.38190E-03    0.89396E+02
    0.38962E-03    0.91135E+02
    0.39749E-03    0.92907E+02
    0.40552E-03    0.94713E+02
    0.41371E-03    0.96554E+02
    0.42207E-03    0.98429E+02
    0.43060E-03    0.10034E+03
    0.43929E-03    0.10229E+03
    0.44817E-03    0.10427E+03
    0.45722E-03    0.10630E+03
    0.46646E-03    0.10836E+03
    0.47588E-03    0.11046E+03
    0.48550E-03    0.11260E+03
    0.49530E-03    0.11478E+03
    0.50531E-03    0.11700E+03
    0.51552E-03    0.11926E+03
    0.52593E-03    0.12157E+03
    0.53656E-03    0.12392E+03
    0.54739E-03    0.12631E+03
    0.55845E-03    0.12875E+03
    0.56973E-03    0.13124E+03
    0.58124E-03    0.13377E+03
    0.59299E-03    0.13635E+03
    0.60496E-03    0.13897E+03
    0.61719E-03    0.14165E+03
    0.62965E-03    0.14438E+03
    0.64237E-03    0.14715E+03
    0.65535E-03    0.14998E+03
    0.66859E-03    0.15286E+03
    0.68210E-03    0.15579E+03
    0.69588E-03    0.15877E+03
    0.70993E-03    0.16182E+03
    0.72427E-03    0.16491E+03
    0.73891E-03    0.16806E+03
    0.75383E-03    0.17127E+03
    0.76906E-03    0.17454E+03
    0.78460E-03    0.17787E+03
    0.80045E-03    0.18126E+03
    0.81662E-03    0.18470E+03
    0.83311E-03    0.18821E+03
    0.84994E-03    0.19179E+03
    0.86711E-03    0.19542E+03
    0.88463E-03    0.19912E+03
    0.90250E-03    0.20289E+03
    0.92073E-03    0.20672E+03
    0.93933E-03    0.21062E+03
    0.95831E-03    0.21459E+03
    0.97767E-03    0.21862E+03
    0.99742E-03    0.22273E+03
    0.10176E-02    0.22691E+03
    0.10381E-02    0.23116E+03
    0.10591E-02    0.23548E+03
    0.10805E-02    0.23987E+03
    0.11023E-02    0.24434E+03
    0.11246E-02    0.24889E+03
    0.11473E-02    0.25351E+03
    0.11705E-02    0.25821E+03
    0.11941E-02    0.26298E+03
    0.12182E-02    0.26784E+03
    0.12429E-02    0.27277E+03
    0.12680E-02    0.27779E+03
    0.12936E-02    0.28288E+03
    0.13197E-02    0.28806E+03
    0.13464E-02    0.29332E+03
    0.13736E-02    0.29867E+03
    0.14013E-02    0.30410E+03
    0.14296E-02    0.30962E+03
    0.14585E-02    0.31522E+03
    0.14880E-02    0.32090E+03
    0.15180E-02    0.32668E+03
    0.15487E-02    0.33254E+03
    0.15800E-02    0.33849E+03
    0.16119E-02    0.34454E+03
    0.16445E-02    0.35067E+03
    0.16777E-02    0.35689E+03
    0.17116E-02    0.36320E+03
    0.17462E-02    0.36961E+03
    0.17814E-02    0.37610E+03
    0.18174E-02    0.38269E+03
    0.18541E-02    0.38937E+03
    0.18916E-02    0.39615E+03
    0.19298E-02    0.40302E+03
    0.19688E-02    0.40998E+03
    0.20086E-02    0.41704E+03
    0.20491E-02    0.42419E+03
    0.20905E-02    0.43144E+03
    0.21328E-02    0.43878E+03
    0.21758E-02    0.44621E+03
    0.22198E-02    0.45374E+03
    0.22646E-02    0.46136E+03
    0.23104E-02    0.46908E+03
    0.23571E-02    0.47690E+03
    0.24047E-02    0.48480E+03
    0.24533E-02    0.49280E+03
    0.25028E-02    0.50090E+03
    0.25534E-02    0.50909E+03
    0.26050E-02    0.51736E+03
    0.26576E-02    0.52574E+03
    0.27113E-02    0.53420E+03
    0.27660E-02    0.54275E+03
    0.28219E-02    0.55139E+03
    0.28789E-02    0.56013E+03
    0.29371E-02    0.56894E+03
    0.29964E-02    0.57785E+03
    0.30569E-02    0.58684E+03
    0.31187E-02    0.59592E+03
    0.31817E-02    0.60507E+03
    0.32460E-02    0.61431E+03
    0.33115E-02    0.62363E+03
    0.33784E-02    0.63303E+03
    0.34467E-02    0.64250E+03
    0.35163E-02    0.65205E+03
    0.35874E-02    0.66166E+03
    0.36598E-02    0.67135E+03
    0.37338E-02    0.68111E+03
    0.38092E-02    0.69093E+03
    0.38861E-02    0.70081E+03
    0.39646E-02    0.71076E+03
    0.40447E-02    0.72075E+03
    0.41264E-02    0.73081E+03
    0.42098E-02    0.74091E+03
    0.42948E-02    0.75106E+03
    0.43816E-02    0.76126E+03
    0.44701E-02    0.77150E+03
    0.45604E-02    0.78177E+03
    0.46525E-02    0.79207E+03
    0.47465E-02    0.80241E+03
    0.48424E-02    0.81276E+03
    0.49402E-02    0.82314E+03
    0.50400E-02    0.83353E+03
    0.51419E-02    0.84394E+03
    0.52457E-02    0.85435E+03
    0.53517E-02    0.86476E+03
    0.54598E-02    0.87516E+03
    0.55701E-02    0.88555E+03
    0.56826E-02    0.89593E+03
    0.57974E-02    0.90629E+03
    0.59145E-02    0.91661E+03
    0.60340E-02    0.92691E+03
    0.61559E-02    0.93716E+03
    0.62803E-02    0.94736E+03
    0.64072E-02    0.95751E+03
    0.65366E-02    0.96760E+03
    0.66686E-02    0.97761E+03
    0.68033E-02    0.98756E+03
    0.69408E-02    0.99741E+03
    0.70810E-02    0.10072E+04
    0.72240E-02    0.10168E+04
    0.73700E-02    0.10264E+04
    0.75189E-02    0.10358E+04
    0.76708E-02    0.10451E+04
    0.78257E-02    0.10543E+04
    0.79838E-02    0.10633E+04
    0.81451E-02    0.10722E+04
    0.83096E-02    0.10809E+04
    0.84775E-02    0.10894E+04
    0.86488E-02    0.10977E+04
    0.88235E-02    0.11059E+04
    0.90017E-02    0.11138E+04
    0.91836E-02    0.11216E+04
    0.93691E-02    0.11290E+04
    0.95583E-02    0.11363E+04
    0.97514E-02    0.11433E+04
    0.99484E-02    0.11500E+04
    0.10149E-01    0.11565E+04
    0.10354E-01    0.11626E+04
    0.10564E-01    0.11685E+04
    0.10777E-01    0.11741E+04
    0.10995E-01    0.11793E+04
    0.11217E-01    0.11842E+04
    0.11443E-01    0.11887E+04
    0.11675E-01    0.11929E+04
    0.11910E-01    0.11967E+04
    0.12151E-01    0.12001E+04
    0.12397E-01    0.12031E+04
    0.12647E-01    0.12057E+04
    0.12902E-01    0.12079E+04
    0.13163E-01    0.12096E+04
    0.13429E-01    0.12109E+04
    0.13700E-01    0.12117E+04
    0.13977E-01    0.12120E+04
    0.14259E-01    0.12118E+04
    0.14547E-01    0.12112E+04
    0.14841E-01    0.12100E+04
    0.15141E-01    0.12083E+04
    0.15447E-01    0.12061E+04
    0.15759E-01    0.12033E+04
    0.16077E-01    0.12000E+04
    0.16402E-01    0.11961E+04
    0.16734E-01    0.11916E+04
    0.17072E-01    0.11866E+04
    0.17416E-01    0.11810E+04
    0.17768E-01    0.11748E+04
    0.18127E-01    0.11680E+04
    0.18493E-01    0.11607E+04
    0.18867E-01    0.11527E+04
    0.19248E-01    0.11442E+04
    0.19637E-01    0.11351E+04
    0.20034E-01    0.11254E+04
    0.20438E-01    0.11151E+04
    0.20851E-01    0.11042E+04
    0.21272E-01    0.10928E+04
    0.21702E-01    0.10809E+04
    0.22141E-01    0.10684E+04
    0.22588E-01    0.10554E+04
    0.23044E-01    0.10419E+04
    0.23510E-01    0.10279E+04
    0.23985E-01    0.10135E+04
    0.24469E-01    0.99858E+03
    0.24964E-01    0.98329E+03
    0.25468E-01    0.96763E+03
    0.25982E-01    0.95162E+03
    0.26507E-01    0.93530E+03
    0.27043E-01    0.91870E+03
    0.27589E-01    0.90186E+03
    0.28146E-01    0.88481E+03
    0.28715E-01    0.86761E+03
    0.29295E-01    0.85028E+03
    0.29887E-01    0.83288E+03
    0.30490E-01    0.81545E+03
    0.31106E-01    0.79804E+03
    0.31735E-01    0.78068E+03
    0.32376E-01    0.76344E+03
    0.33030E-01    0.74635E+03
    0.33697E-01    0.72945E+03
    0.34378E-01    0.71280E+03
    0.35072E-01    0.69644E+03
    0.35781E-01    0.68042E+03
    0.36504E-01    0.66476E+03
    0.37241E-01    0.64951E+03
    0.37993E-01    0.63471E+03
    0.38761E-01    0.62039E+03
    0.39544E-01    0.60657E+03
    0.40343E-01    0.59328E+03
    0.41158E-01    0.58055E+03
    0.41989E-01    0.56838E+03
    0.42838E-01    0.55680E+03
    0.43703E-01    0.54580E+03
    0.44586E-01    0.53538E+03
    0.45486E-01    0.52554E+03
    0.46405E-01    0.51626E+03
    0.47343E-01    0.50753E+03
    0.48299E-01    0.49932E+03
    0.49275E-01    0.49160E+03
    0.50270E-01    0.48432E+03
    0.51286E-01    0.47744E+03
    0.52322E-01    0.47090E+03
    0.53379E-01    0.46464E+03
    0.54457E-01    0.45859E+03
    0.55557E-01    0.45268E+03
    0.56680E-01    0.44684E+03
    0.57825E-01    0.44098E+03
    0.58993E-01    0.43502E+03
    0.60184E-01    0.42887E+03
    0.61400E-01    0.42246E+03
    0.62641E-01    0.41570E+03
    0.63906E-01    0.40854E+03
    0.65197E-01    0.40090E+03
    0.66514E-01    0.39275E+03
    0.67858E-01    0.38404E+03
    0.69229E-01    0.37477E+03
    0.70627E-01    0.36494E+03
    0.72054E-01    0.35458E+03
    0.73510E-01    0.34372E+03
    0.74994E-01    0.33244E+03
    0.76509E-01    0.32083E+03
    0.78055E-01    0.30898E+03
    0.79632E-01    0.29702E+03
    0.81241E-01    0.28508E+03
    0.82882E-01    0.27329E+03
    0.84556E-01    0.26179E+03
    0.86264E-01    0.25071E+03
    0.88007E-01    0.24018E+03
    0.89785E-01    0.23029E+03
    0.91598E-01    0.22114E+03
    0.93449E-01    0.21280E+03
    0.95337E-01    0.20531E+03
    0.97263E-01    0.19868E+03
    0.99227E-01    0.19289E+03
    0.10123E+00    0.18790E+03
    0.10328E+00    0.18365E+03
    0.10536E+00    0.18001E+03
    0.10749E+00    0.17688E+03
    0.10966E+00    0.17410E+03
    0.11188E+00    0.17150E+03
    0.11414E+00    0.16891E+03
    0.11644E+00    0.16617E+03
    0.11880E+00    0.16311E+03
    0.12120E+00    0.15962E+03
    0.12365E+00    0.15559E+03
    0.12614E+00    0.15098E+03
    0.12869E+00    0.14581E+03
    0.13129E+00    0.14015E+03
    0.13394E+00    0.13411E+03
    0.13665E+00    0.12785E+03
    0.13941E+00    0.12156E+03
    0.14223E+00    0.11544E+03
    0.14510E+00    0.10966E+03
    0.14803E+00    0.10437E+03
    0.15102E+00    0.99691E+02
    0.15407E+00    0.95681E+02
    0.15718E+00    0.92344E+02
    0.16036E+00    0.89629E+02
    0.16360E+00    0.87432E+02
    0.16690E+00    0.85608E+02
    0.17028E+00    0.83980E+02
    0.17371E+00    0.82365E+02
    0.17722E+00    0.80589E+02
    0.18080E+00    0.78516E+02
    0.18446E+00    0.76068E+02
    0.18818E+00    0.73239E+02
    0.19198E+00    0.70094E+02
    0.19586E+00    0.66759E+02
    0.19982E+00    0.63396E+02
    0.20386E+00    0.60173E+02
    0.20797E+00    0.57236E+02
    0.21218E+00    0.54681E+02
    0.21646E+00    0.52544E+02
    0.22083E+00    0.50794E+02
    0.22530E+00    0.49346E+02
    0.22985E+00    0.48070E+02
    0.23449E+00    0.46827E+02
    0.23923E+00    0.45489E+02
    0.24406E+00    0.43975E+02
    0.24899E+00    0.42266E+02
    0.25402E+00    0.40408E+02
    0.25915E+00    0.38494E+02
    0.26439E+00    0.36638E+02
    0.26973E+00    0.34938E+02
    0.27518E+00    0.33453E+02
    0.28074E+00    0.32189E+02
    0.28641E+00    0.31100E+02
    0.29219E+00    0.30106E+02
    0.29810E+00    0.29122E+02
    0.30412E+00    0.28081E+02
    0.31026E+00    0.26963E+02
    0.31653E+00    0.25789E+02
    0.32292E+00    0.24616E+02
    0.32945E+00    0.23505E+02
    0.33610E+00    0.22500E+02
    0.34289E+00    0.21608E+02
    0.34982E+00    0.20803E+02
    0.35689E+00    0.20041E+02
    0.36409E+00    0.19279E+02
    0.37145E+00    0.18497E+02
    0.37895E+00    0.17703E+02
    0.38661E+00    0.16924E+02
    0.39442E+00    0.16189E+02
    0.40239E+00    0.15514E+02
    0.41052E+00    0.14891E+02
    0.41881E+00    0.14301E+02
    0.42727E+00    0.13722E+02
    0.43590E+00    0.13147E+02
    0.44471E+00    0.12580E+02
    0.45369E+00    0.12036E+02
    0.46286E+00    0.11523E+02
    0.47221E+00    0.11042E+02
    0.48174E+00    0.10583E+02
    0.49148E+00    0.10139E+02
    0.50141E+00    0.97053E+01
    0.51153E+00    0.92855E+01
    0.52187E+00    0.88846E+01
    0.53241E+00    0.85043E+01
    0.54317E+00    0.81417E+01
    0.55414E+00    0.77927E+01
    0.56533E+00    0.74553E+01
    0.57675E+00    0.71307E+01
    0.58840E+00    0.68205E+01
    0.60029E+00    0.65245E+01
    0.61242E+00    0.62409E+01
    0.62479E+00    0.59684E+01
    0.63741E+00    0.57068E+01
    0.65029E+00    0.54561E+01
    0.66342E+00    0.52161E+01
    0.67683E+00    0.49863E+01
    0.69050E+00    0.47664E+01
    0.70445E+00    0.45558E+01
    0.71868E+00    0.43540E+01
    0.73320E+00    0.41607E+01
    0.74801E+00    0.39755E+01
    0.76312E+00    0.37983E+01
    0.77854E+00    0.36287E+01
    0.79426E+00    0.34663E+01
    0.81031E+00    0.33109E+01
    0.82668E+00    0.31622E+01
    0.84338E+00    0.30199E+01
    0.86041E+00    0.28838E+01
    0.87780E+00    0.27536E+01
    0.89553E+00    0.26290E+01
    0.91362E+00    0.25099E+01
    0.93208E+00    0.23960E+01
    0.95091E+00    0.22871E+01
    0.97011E+00    0.21829E+01
    0.98971E+00    0.20833E+01
    0.10097E+01    0.19881E+01
    0.10301E+01    0.18971E+01
    0.10509E+01    0.18102E+01
    0.10721E+01    0.17270E+01
    0.10938E+01    0.16476E+01
    0.11159E+01    0.15717E+01
    0.11384E+01    0.14992E+01
    0.11614E+01    0.14300E+01
    0.11849E+01    0.13638E+01
    0.12088E+01    0.13006E+01
    0.12333E+01    0.12402E+01
    0.12582E+01    0.11826E+01
    0.12836E+01    0.11276E+01
    0.13095E+01    0.10750E+01
    0.13360E+01    0.10248E+01
    0.13630E+01    0.97692E+00
    0.13905E+01    0.93120E+00
    0.14186E+01    0.88755E+00
    0.14472E+01    0.84590E+00
    0.14765E+01    0.80614E+00
    0.15063E+01    0.76820E+00
    0.15367E+01    0.73200E+00
    0.15678E+01    0.69746E+00
    0.15994E+01    0.66451E+00
    0.16318E+01    0.63307E+00
    0.16647E+01    0.60309E+00
    0.16984E+01    0.57449E+00
    0.17327E+01    0.54721E+00
    0.17677E+01    0.52119E+00
    0.18034E+01    0.49639E+00
    0.18398E+01    0.47273E+00
    0.18770E+01    0.45017E+00
    0.19149E+01    0.42867E+00
    0.19536E+01    0.40816E+00
    0.19930E+01    0.38862E+00
    0.20333E+01    0.36999E+00
    0.20744E+01    0.35224E+00
    0.21163E+01    0.33531E+00
    0.21590E+01    0.31919E+00
    0.22026E+01    0.30382E+00
    0.22471E+01    0.28917E+00
    0.22925E+01    0.27522E+00
    0.23388E+01    0.26192E+00
    0.23861E+01    0.24925E+00
    0.24343E+01    0.23719E+00
    0.24835E+01    0.22569E+00
    0.25336E+01    0.21474E+00
    0.25848E+01    0.20432E+00
    0.26370E+01    0.19438E+00
    0.26903E+01    0.18493E+00
    0.27447E+01    0.17592E+00
    0.28001E+01    0.16734E+00
    0.28567E+01    0.15917E+00
    0.29144E+01    0.15140E+00
    0.29733E+01    0.14400E+00
    0.30333E+01    0.13695E+00
    0.30946E+01    0.13024E+00
    0.31571E+01    0.12385E+00
    0.32209E+01    0.11777E+00
    0.32860E+01    0.11199E+00
    0.33523E+01    0.10648E+00
    0.34201E+01    0.10124E+00
    0.34892E+01    0.96254E-01
    0.35596E+01    0.91509E-01
    0.36316E+01    0.86993E-01
    0.37049E+01    0.82697E-01
    0.37798E+01    0.78609E-01
    0.38561E+01    0.74720E-01
    0.39340E+01    0.71020E-01
    0.40135E+01    0.67501E-01
    0.40946E+01    0.64153E-01
    0.41773E+01    0.60968E-01
    0.42617E+01    0.57939E-01
    0.43478E+01    0.55059E-01
    0.44356E+01    0.52319E-01
    0.45252E+01    0.49713E-01
    0.46166E+01    0.47236E-01
    0.47099E+01    0.44880E-01
    0.48050E+01    0.42639E-01
    0.49021E+01    0.40509E-01
    0.50011E+01    0.38484E-01
    0.51021E+01    0.36559E-01
    0.52052E+01    0.34728E-01
    0.53104E+01    0.32988E-01
    0.54176E+01    0.31334E-01
    0.55271E+01    0.29762E-01
    0.56387E+01    0.28267E-01
    0.57526E+01    0.26847E-01
    0.58689E+01    0.25497E-01
    0.59874E+01    0.24213E-01
    0.61084E+01    0.22994E-01
    0.62318E+01    0.21835E-01
    0.63577E+01    0.20734E-01
    0.64861E+01    0.19688E-01
    0.66171E+01    0.18694E-01
    0.67508E+01    0.17749E-01
    0.68872E+01    0.16851E-01
    0.70263E+01    0.15999E-01
    0.71682E+01    0.15189E-01
    0.73130E+01    0.14419E-01
    0.74608E+01    0.13688E-01
    0.76115E+01    0.12994E-01
    0.77653E+01    0.12334E-01
    0.79221E+01    0.11707E-01
    0.80822E+01    0.11112E-01
    0.82454E+01    0.10547E-01
    0.84120E+01    0.10010E-01
    0.85819E+01    0.95006E-02
    0.87553E+01    0.90165E-02
    0.89322E+01    0.85567E-02
    0.91126E+01    0.81202E-02
    0.92967E+01    0.77057E-02
    0.94845E+01    0.73121E-02
    0.96761E+01    0.69384E-02
    0.98716E+01    0.65835E-02
    0.10071E+02    0.62467E-02
    0.10274E+02    0.59268E-02
    0.10482E+02    0.56232E-02
    0.10694E+02    0.53350E-02
    0.10910E+02    0.50614E-02
    0.11130E+02    0.48017E-02
    0.11355E+02    0.45551E-02
    0.11584E+02    0.43211E-02
    0.11818E+02    0.40990E-02
    0.12057E+02    0.38882E-02
    0.12301E+02    0.36881E-02
    0.12549E+02    0.34983E-02
    0.12803E+02    0.33181E-02
    0.13061E+02    0.31471E-02
    0.13325E+02    0.29848E-02
    0.13594E+02    0.28308E-02
    0.13869E+02    0.26847E-02
    0.14149E+02    0.25460E-02
    0.14435E+02    0.24144E-02
    0.14727E+02    0.22896E-02
    0.15024E+02    0.21712E-02
    0.15328E+02    0.20588E-02
    0.15637E+02    0.19522E-02
    0.15953E+02    0.18511E-02
    0.16275E+02    0.17551E-02
    0.16604E+02    0.16641E-02
    0.16940E+02    0.15778E-02
    0.17282E+02    0.14959E-02
    0.17631E+02    0.14182E-02
    0.17987E+02    0.13445E-02
    0.18351E+02    0.12746E-02
    0.18721E+02    0.12083E-02
    0.19099E+02    0.11455E-02
    0.19485E+02    0.10858E-02
    0.19879E+02    0.10293E-02
    0.20280E+02    0.97565E-03
    0.20690E+02    0.92479E-03
    0.21108E+02    0.87656E-03
    0.21535E+02    0.83082E-03
    0.21970E+02    0.78745E-03
    0.22413E+02    0.74633E-03
    0.22866E+02    0.70733E-03
    0.23328E+02    0.67036E-03
    0.23799E+02    0.63530E-03
    0.24280E+02    0.60206E-03
    0.24771E+02    0.57054E-03
    0.25271E+02    0.54066E-03
    0.25782E+02    0.51234E-03
    0.26302E+02    0.48548E-03
    0.26834E+02    0.46003E-03
    0.27376E+02    0.43589E-03
    0.27929E+02    0.41301E-03
    0.28493E+02    0.39133E-03
    0.29069E+02    0.37077E-03
    0.29656E+02    0.35128E-03
    0.30255E+02    0.33281E-03
    0.30866E+02    0.31531E-03
    0.31490E+02    0.29871E-03
    0.32126E+02    0.28299E-03
    0.32775E+02    0.26808E-03
    0.33437E+02    0.25396E-03
    0.34112E+02    0.24057E-03
    0.34801E+02    0.22788E-03
    0.35504E+02    0.21586E-03
    0.36222E+02    0.20446E-03
    0.36953E+02    0.19367E-03
    0.37700E+02    0.18343E-03
    0.38462E+02    0.17374E-03
    0.39239E+02    0.16455E-03
    0.40031E+02    0.15585E-03
    0.40840E+02    0.14760E-03
    0.41665E+02    0.13978E-03
    0.42507E+02    0.13238E-03
    0.43365E+02    0.12536E-03
    0.44241E+02    0.11872E-03
    0.45135E+02    0.11242E-03
    0.46047E+02    0.10645E-03
    0.46977E+02    0.10080E-03
    0.47926E+02    0.95446E-04
    0.48894E+02    0.90373E-04
    0.49882E+02    0.85569E-04
    0.50890E+02    0.81017E-04
    0.51918E+02    0.76705E-04
    0.52966E+02    0.72621E-04
    0.54036E+02    0.68753E-04
    0.55128E+02    0.65089E-04
    0.56242E+02    0.61618E-04
    0.57378E+02    0.58331E-04
    0.58537E+02    0.55218E-04
    0.59720E+02    0.52269E-04
    0.60926E+02    0.49477E-04
    0.62157E+02    0.46832E-04
    0.63412E+02    0.44327E-04
    0.64693E+02    0.41955E-04
    0.66000E+02    0.39709E-04
    0.67334E+02    0.37582E-04
    0.68694E+02    0.35568E-04
    0.70082E+02    0.33660E-04
    0.71497E+02    0.31854E-04
    0.72942E+02    0.30144E-04
    0.74415E+02    0.28525E-04
    0.75918E+02    0.26992E-04
    0.77452E+02    0.25540E-04
    0.79017E+02    0.24165E-04
    0.80613E+02    0.22864E-04
    0.82241E+02    0.21632E-04
    0.83903E+02    0.20466E-04
    0.85598E+02    0.19362E-04
    0.87327E+02    0.18316E-04
    0.89091E+02    0.17327E-04
    0.90891E+02    0.16390E-04
    0.92727E+02    0.15503E-04
    0.94600E+02    0.14664E-04
    0.96511E+02    0.13869E-04
    0.98461E+02    0.13117E-04
    0.10045E+03    0.12405E-04
    0.10248E+03    0.11732E-04
    0.10455E+03    0.11094E-04
    0.10666E+03    0.10491E-04
    0.10882E+03    0.99195E-05
    0.11101E+03    0.93790E-05
    0.11326E+03    0.88675E-05
    0.11554E+03    0.83835E-05
    0.11788E+03    0.79254E-05
    0.12026E+03    0.74920E-05
    0.12269E+03    0.70818E-05
    0.12517E+03    0.66938E-05
    0.12770E+03    0.63266E-05
    0.13028E+03    0.59792E-05
    0.13291E+03    0.56505E-05
    0.13559E+03    0.53395E-05
    0.13833E+03    0.50454E-05
    0.14113E+03    0.47671E-05
    0.14398E+03    0.45038E-05
    0.14689E+03    0.42548E-05
    0.14985E+03    0.40192E-05
    0.15288E+03    0.37965E-05
    0.15597E+03    0.35857E-05
    0.15912E+03    0.33864E-05
    0.16233E+03    0.31980E-05
    0.16561E+03    0.30197E-05
    0.16896E+03    0.28511E-05
    0.17237E+03    0.26918E-05
    0.17585E+03    0.25411E-05
    0.17941E+03    0.23986E-05
    0.18303E+03    0.22638E-05
    0.18673E+03    0.21365E-05
    0.19050E+03    0.20161E-05
    0.19435E+03    0.19022E-05
    0.19828E+03    0.17947E-05
    0.20228E+03    0.16930E-05
    0.20637E+03    0.15969E-05
    0.21054E+03    0.15061E-05
    0.21479E+03    0.14202E-05
    0.21913E+03    0.13392E-05
    0.22356E+03    0.12625E-05
    0.22807E+03    0.11901E-05
    0.23268E+03    0.11218E-05
    0.23738E+03    0.10572E-05
    0.24217E+03    0.99617E-06
    0.24707E+03    0.93855E-06
    0.25206E+03    0.88414E-06
    0.25715E+03    0.83277E-06
    0.26234E+03    0.78427E-06
    0.26764E+03    0.73848E-06
    0.27305E+03    0.69526E-06
    0.27857E+03    0.65447E-06
    0.28419E+03    0.61597E-06
    0.28994E+03    0.57965E-06
    0.29579E+03    0.54538E-06
    0.30177E+03    0.51305E-06
    0.30786E+03    0.48256E-06
    0.31408E+03    0.45381E-06
    0.32043E+03    0.42670E-06
    0.32690E+03    0.40113E-06
    0.33351E+03    0.37704E-06
    0.34024E+03    0.35433E-06
    0.34712E+03    0.33294E-06
    0.35413E+03    0.31278E-06
    0.36128E+03    0.29379E-06
    0.36858E+03    0.27591E-06
    0.37603E+03    0.25908E-06
    0.38362E+03    0.24322E-06
    0.39137E+03    0.22831E-06
    0.39928E+03    0.21427E-06
    0.40734E+03    0.20106E-06
    0.41557E+03    0.18864E-06
    0.42397E+03    0.17696E-06
    0.43253E+03    0.16597E-06
    0.44127E+03    0.15565E-06
    0.45019E+03    0.14595E-06
    0.45928E+03    0.13683E-06
    0.46856E+03    0.12827E-06
    0.47802E+03    0.12023E-06
    0.48768E+03    0.11268E-06
    0.49753E+03    0.10559E-06
    0.50758E+03    0.98941E-07
