#           k/h    P           
    0.10000E-03    0.92083E-01
    0.10202E-03    0.93886E-01
    0.10408E-03    0.95725E-01
    0.10618E-03    0.97600E-01
    0.10833E-03    0.99511E-01
    0.11052E-03    0.10146E+00
    0.11275E-03    0.10345E+00
    0.11503E-03    0.10547E+00
    0.11735E-03    0.10754E+00
    0.11972E-03    0.10964E+00
    0.12214E-03    0.11179E+00
    0.12461E-03    0.11398E+00
    0.12712E-03    0.11621E+00
    0.12969E-03    0.11849E+00
    0.13231E-03    0.12081E+00
    0.13499E-03    0.12318E+00
    0.13771E-03    0.12559E+00
    0.14049E-03    0.12805E+00
    0.14333E-03    0.13055E+00
    0.14623E-03    0.13311E+00
    0.14918E-03    0.13572E+00
    0.15220E-03    0.13837E+00
    0.15527E-03    0.14108E+00
    0.15841E-03    0.14385E+00
    0.16161E-03    0.14666E+00
    0.16487E-03    0.14953E+00
    0.16820E-03    0.15246E+00
    0.17160E-03    0.15545E+00
    0.17507E-03    0.15849E+00
    0.17860E-03    0.16159E+00
    0.18221E-03    0.16476E+00
    0.18589E-03    0.16798E+00
    0.18965E-03    0.17127E+00
    0.19348E-03    0.17462E+00
    0.19739E-03    0.17804E+00
    0.20138E-03    0.18153E+00
    0.20544E-03    0.18508E+00
    0.20959E-03    0.18870E+00
    0.21383E-03    0.19240E+00
    0.21815E-03    0.19616E+00
    0.22255E-03    0.20000E+00
    0.22705E-03    0.20392E+00
    0.23164E-03    0.20791E+00
    0.23632E-03    0.21197E+00
    0.24109E-03    0.21612E+00
    0.24596E-03    0.22035E+00
    0.25093E-03    0.22466E+00
    0.25600E-03    0.22906E+00
    0.26117E-03    0.23354E+00
    0.26645E-03    0.23811E+00
    0.27183E-03    0.24277E+00
    0.27732E-03    0.24752E+00
    0.28292E-03    0.25236E+00
    0.28864E-03    0.25729E+00
    0.29447E-03    0.26232E+00
    0.30042E-03    0.26745E+00
    0.30649E-03    0.27268E+00
    0.31268E-03    0.27802E+00
    0.31899E-03    0.28345E+00
    0.32544E-03    0.28899E+00
    0.33201E-03    0.29464E+00
    0.33872E-03    0.30040E+00
    0.34556E-03    0.30627E+00
    0.35254E-03    0.31226E+00
    0.35966E-03    0.31836E+00
    0.36693E-03    0.32458E+00
    0.37434E-03    0.33092E+00
    0.38190E-03    0.33739E+00
    0.38962E-03    0.34398E+00
    0.39749E-03    0.35070E+00
    0.40552E-03    0.35755E+00
    0.41371E-03    0.36453E+00
    0.42207E-03    0.37165E+00
    0.43060E-03    0.37890E+00
    0.43929E-03    0.38630E+00
    0.44817E-03    0.39384E+00
    0.45722E-03    0.40152E+00
    0.46646E-03    0.40935E+00
    0.47588E-03    0.41734E+00
    0.48550E-03    0.42548E+00
    0.49530E-03    0.43378E+00
    0.50531E-03    0.44223E+00
    0.51552E-03    0.45085E+00
    0.52593E-03    0.45964E+00
    0.53656E-03    0.46859E+00
    0.54739E-03    0.47772E+00
    0.55845E-03    0.48703E+00
    0.56973E-03    0.49651E+00
    0.58124E-03    0.50617E+00
    0.59299E-03    0.51602E+00
    0.60496E-03    0.52606E+00
    0.61719E-03    0.53630E+00
    0.62965E-03    0.54672E+00
    0.64237E-03    0.55735E+00
    0.65535E-03    0.56818E+00
    0.66859E-03    0.57922E+00
    0.68210E-03    0.59047E+00
    0.69588E-03    0.60193E+00
    0.70993E-03    0.61361E+00
    0.72427E-03    0.62551E+00
    0.73891E-03    0.63764E+00
    0.75383E-03    0.65000E+00
    0.76906E-03    0.66259E+00
    0.78460E-03    0.67543E+00
    0.80045E-03    0.68850E+00
    0.81662E-03    0.70182E+00
    0.83311E-03    0.71539E+00
    0.84994E-03    0.72922E+00
    0.86711E-03    0.74330E+00
    0.88463E-03    0.75765E+00
    0.90250E-03    0.77227E+00
    0.92073E-03    0.78716E+00
    0.93933E-03    0.80233E+00
    0.95831E-03    0.81778E+00
    0.97767E-03    0.83351E+00
    0.99742E-03    0.84954E+00
    0.10176E-02    0.86586E+00
    0.10381E-02    0.88249E+00
    0.10591E-02    0.89942E+00
    0.10805E-02    0.91666E+00
    0.11023E-02    0.93421E+00
    0.11246E-02    0.95209E+00
    0.11473E-02    0.97028E+00
    0.11705E-02    0.98881E+00
    0.11941E-02    0.10077E+01
    0.12182E-02    0.10269E+01
    0.12429E-02    0.10464E+01
    0.12680E-02    0.10663E+01
    0.12936E-02    0.10866E+01
    0.13197E-02    0.11072E+01
    0.13464E-02    0.11281E+01
    0.13736E-02    0.11495E+01
    0.14013E-02    0.11712E+01
    0.14296E-02    0.11933E+01
    0.14585E-02    0.12158E+01
    0.14880E-02    0.12386E+01
    0.15180E-02    0.12619E+01
    0.15487E-02    0.12855E+01
    0.15800E-02    0.13096E+01
    0.16119E-02    0.13340E+01
    0.16445E-02    0.13589E+01
    0.16777E-02    0.13841E+01
    0.17116E-02    0.14098E+01
    0.17462E-02    0.14359E+01
    0.17814E-02    0.14625E+01
    0.18174E-02    0.14894E+01
    0.18541E-02    0.15168E+01
    0.18916E-02    0.15446E+01
    0.19298E-02    0.15729E+01
    0.19688E-02    0.16016E+01
    0.20086E-02    0.16307E+01
    0.20491E-02    0.16603E+01
    0.20905E-02    0.16903E+01
    0.21328E-02    0.17208E+01
    0.21758E-02    0.17517E+01
    0.22198E-02    0.17830E+01
    0.22646E-02    0.18149E+01
    0.23104E-02    0.18471E+01
    0.23571E-02    0.18798E+01
    0.24047E-02    0.19130E+01
    0.24533E-02    0.19466E+01
    0.25028E-02    0.19806E+01
    0.25534E-02    0.20151E+01
    0.26050E-02    0.20500E+01
    0.26576E-02    0.20854E+01
    0.27113E-02    0.21211E+01
    0.27660E-02    0.21574E+01
    0.28219E-02    0.21940E+01
    0.28789E-02    0.22310E+01
    0.29371E-02    0.22685E+01
    0.29964E-02    0.23064E+01
    0.30569E-02    0.23446E+01
    0.31187E-02    0.23833E+01
    0.31817E-02    0.24223E+01
    0.32460E-02    0.24617E+01
    0.33115E-02    0.25014E+01
    0.33784E-02    0.25415E+01
    0.34467E-02    0.25819E+01
    0.35163E-02    0.26227E+01
    0.35874E-02    0.26637E+01
    0.36598E-02    0.27050E+01
    0.37338E-02    0.27467E+01
    0.38092E-02    0.27885E+01
    0.38861E-02    0.28307E+01
    0.39646E-02    0.28730E+01
    0.40447E-02    0.29156E+01
    0.41264E-02    0.29583E+01
    0.42098E-02    0.30012E+01
    0.42948E-02    0.30443E+01
    0.43816E-02    0.30875E+01
    0.44701E-02    0.31308E+01
    0.45604E-02    0.31741E+01
    0.46525E-02    0.32176E+01
    0.47465E-02    0.32610E+01
    0.48424E-02    0.33045E+01
    0.49402E-02    0.33480E+01
    0.50400E-02    0.33914E+01
    0.51419E-02    0.34348E+01
    0.52457E-02    0.34781E+01
    0.53517E-02    0.35213E+01
    0.54598E-02    0.35643E+01
    0.55701E-02    0.36072E+01
    0.56826E-02    0.36498E+01
    0.57974E-02    0.36923E+01
    0.59145E-02    0.37345E+01
    0.60340E-02    0.37764E+01
    0.61559E-02    0.38180E+01
    0.62803E-02    0.38593E+01
    0.64072E-02    0.39002E+01
    0.65366E-02    0.39407E+01
    0.66686E-02    0.39808E+01
    0.68033E-02    0.40205E+01
    0.69408E-02    0.40597E+01
    0.70810E-02    0.40983E+01
    0.72240E-02    0.41365E+01
    0.73700E-02    0.41740E+01
    0.75189E-02    0.42109E+01
    0.76708E-02    0.42472E+01
    0.78257E-02    0.42828E+01
    0.79838E-02    0.43177E+01
    0.81451E-02    0.43518E+01
    0.83096E-02    0.43851E+01
    0.84775E-02    0.44175E+01
    0.86488E-02    0.44491E+01
    0.88235E-02    0.44797E+01
    0.90017E-02    0.45093E+01
    0.91836E-02    0.45379E+01
    0.93691E-02    0.45654E+01
    0.95583E-02    0.45918E+01
    0.97514E-02    0.46169E+01
    0.99484E-02    0.46408E+01
    0.10149E-01    0.46633E+01
    0.10354E-01    0.46845E+01
    0.10564E-01    0.47042E+01
    0.10777E-01    0.47224E+01
    0.10995E-01    0.47391E+01
    0.11217E-01    0.47541E+01
    0.11443E-01    0.47675E+01
    0.11675E-01    0.47792E+01
    0.11910E-01    0.47891E+01
    0.12151E-01    0.47971E+01
    0.12397E-01    0.48033E+01
    0.12647E-01    0.48076E+01
    0.12902E-01    0.48099E+01
    0.13163E-01    0.48102E+01
    0.13429E-01    0.48085E+01
    0.13700E-01    0.48047E+01
    0.13977E-01    0.47989E+01
    0.14259E-01    0.47909E+01
    0.14547E-01    0.47807E+01
    0.14841E-01    0.47683E+01
    0.15141E-01    0.47538E+01
    0.15447E-01    0.47370E+01
    0.15759E-01    0.47178E+01
    0.16077E-01    0.46964E+01
    0.16402E-01    0.46726E+01
    0.16734E-01    0.46465E+01
    0.17072E-01    0.46180E+01
    0.17416E-01    0.45870E+01
    0.17768E-01    0.45536E+01
    0.18127E-01    0.45178E+01
    0.18493E-01    0.44796E+01
    0.18867E-01    0.44390E+01
    0.19248E-01    0.43959E+01
    0.19637E-01    0.43506E+01
    0.20034E-01    0.43029E+01
    0.20438E-01    0.42530E+01
    0.20851E-01    0.42009E+01
    0.21272E-01    0.41467E+01
    0.21702E-01    0.40904E+01
    0.22141E-01    0.40322E+01
    0.22588E-01    0.39721E+01
    0.23044E-01    0.39103E+01
    0.23510E-01    0.38467E+01
    0.23985E-01    0.37816E+01
    0.24469E-01    0.37150E+01
    0.24964E-01    0.36470E+01
    0.25468E-01    0.35779E+01
    0.25982E-01    0.35077E+01
    0.26507E-01    0.34365E+01
    0.27043E-01    0.33647E+01
    0.27589E-01    0.32923E+01
    0.28146E-01    0.32196E+01
    0.28715E-01    0.31467E+01
    0.29295E-01    0.30738E+01
    0.29887E-01    0.30012E+01
    0.30490E-01    0.29289E+01
    0.31106E-01    0.28572E+01
    0.31735E-01    0.27863E+01
    0.32376E-01    0.27163E+01
    0.33030E-01    0.26474E+01
    0.33697E-01    0.25798E+01
    0.34378E-01    0.25138E+01
    0.35072E-01    0.24493E+01
    0.35781E-01    0.23867E+01
    0.36504E-01    0.23261E+01
    0.37241E-01    0.22676E+01
    0.37993E-01    0.22113E+01
    0.38761E-01    0.21573E+01
    0.39544E-01    0.21058E+01
    0.40343E-01    0.20567E+01
    0.41158E-01    0.20101E+01
    0.41989E-01    0.19661E+01
    0.42838E-01    0.19246E+01
    0.43703E-01    0.18856E+01
    0.44586E-01    0.18491E+01
    0.45486E-01    0.18151E+01
    0.46405E-01    0.17834E+01
    0.47343E-01    0.17540E+01
    0.48299E-01    0.17265E+01
    0.49275E-01    0.17010E+01
    0.50270E-01    0.16770E+01
    0.51286E-01    0.16545E+01
    0.52322E-01    0.16332E+01
    0.53379E-01    0.16128E+01
    0.54457E-01    0.15929E+01
    0.55557E-01    0.15732E+01
    0.56680E-01    0.15535E+01
    0.57825E-01    0.15332E+01
    0.58993E-01    0.15122E+01
    0.60184E-01    0.14900E+01
    0.61400E-01    0.14664E+01
    0.62641E-01    0.14410E+01
    0.63906E-01    0.14136E+01
    0.65197E-01    0.13840E+01
    0.66514E-01    0.13522E+01
    0.67858E-01    0.13179E+01
    0.69229E-01    0.12814E+01
    0.70627E-01    0.12426E+01
    0.72054E-01    0.12018E+01
    0.73510E-01    0.11593E+01
    0.74994E-01    0.11155E+01
    0.76509E-01    0.10708E+01
    0.78055E-01    0.10256E+01
    0.79632E-01    0.98066E+00
    0.81241E-01    0.93641E+00
    0.82882E-01    0.89341E+00
    0.84556E-01    0.85219E+00
    0.86264E-01    0.81324E+00
    0.88007E-01    0.77698E+00
    0.89785E-01    0.74374E+00
    0.91598E-01    0.71378E+00
    0.93449E-01    0.68721E+00
    0.95337E-01    0.66409E+00
    0.97263E-01    0.64433E+00
    0.99227E-01    0.62772E+00
    0.10123E+00    0.61395E+00
    0.10328E+00    0.60262E+00
    0.10536E+00    0.59319E+00
    0.10749E+00    0.58507E+00
    0.10966E+00    0.57760E+00
    0.11188E+00    0.57007E+00
    0.11414E+00    0.56181E+00
    0.11644E+00    0.55220E+00
    0.11880E+00    0.54072E+00
    0.12120E+00    0.52702E+00
    0.12365E+00    0.51095E+00
    0.12614E+00    0.49258E+00
    0.12869E+00    0.47221E+00
    0.13129E+00    0.45034E+00
    0.13394E+00    0.42764E+00
    0.13665E+00    0.40486E+00
    0.13941E+00    0.38276E+00
    0.14223E+00    0.36207E+00
    0.14510E+00    0.34336E+00
    0.14803E+00    0.32706E+00
    0.15102E+00    0.31337E+00
    0.15407E+00    0.30229E+00
    0.15718E+00    0.29359E+00
    0.16036E+00    0.28685E+00
    0.16360E+00    0.28149E+00
    0.16690E+00    0.27681E+00
    0.17028E+00    0.27209E+00
    0.17371E+00    0.26664E+00
    0.17722E+00    0.25995E+00
    0.18080E+00    0.25173E+00
    0.18446E+00    0.24197E+00
    0.18818E+00    0.23096E+00
    0.19198E+00    0.21922E+00
    0.19586E+00    0.20740E+00
    0.19982E+00    0.19614E+00
    0.20386E+00    0.18601E+00
    0.20797E+00    0.17737E+00
    0.21218E+00    0.17032E+00
    0.21646E+00    0.16474E+00
    0.22083E+00    0.16026E+00
    0.22530E+00    0.15639E+00
    0.22985E+00    0.15257E+00
    0.23449E+00    0.14833E+00
    0.23923E+00    0.14335E+00
    0.24406E+00    0.13759E+00
    0.24899E+00    0.13125E+00
    0.25402E+00    0.12469E+00
    0.25915E+00    0.11837E+00
    0.26439E+00    0.11265E+00
    0.26973E+00    0.10776E+00
    0.27518E+00    0.10368E+00
    0.28074E+00    0.10024E+00
    0.28641E+00    0.97119E-01
    0.29219E+00    0.93991E-01
    0.29810E+00    0.90614E-01
    0.30412E+00    0.86913E-01
    0.31026E+00    0.82993E-01
    0.31653E+00    0.79072E-01
    0.32292E+00    0.75389E-01
    0.32945E+00    0.72100E-01
    0.33610E+00    0.69226E-01
    0.34289E+00    0.66660E-01
    0.34982E+00    0.64228E-01
    0.35689E+00    0.61772E-01
    0.36409E+00    0.59221E-01
    0.37145E+00    0.56614E-01
    0.37895E+00    0.54058E-01
    0.38661E+00    0.51664E-01
    0.39442E+00    0.49482E-01
    0.40239E+00    0.47486E-01
    0.41052E+00    0.45595E-01
    0.41881E+00    0.43733E-01
    0.42727E+00    0.41869E-01
    0.43590E+00    0.40031E-01
    0.44471E+00    0.38268E-01
    0.45369E+00    0.36617E-01
    0.46286E+00    0.35074E-01
    0.47221E+00    0.33607E-01
    0.48174E+00    0.32180E-01
    0.49148E+00    0.30784E-01
    0.50141E+00    0.29433E-01
    0.51153E+00    0.28146E-01
    0.52187E+00    0.26929E-01
    0.53241E+00    0.25770E-01
    0.54317E+00    0.24653E-01
    0.55414E+00    0.23573E-01
    0.56533E+00    0.22535E-01
    0.57675E+00    0.21544E-01
    0.58840E+00    0.20599E-01
    0.60029E+00    0.19695E-01
    0.61242E+00    0.18826E-01
    0.62479E+00    0.17992E-01
    0.63741E+00    0.17193E-01
    0.65029E+00    0.16429E-01
    0.66342E+00    0.15698E-01
    0.67683E+00    0.14999E-01
    0.69050E+00    0.14330E-01
    0.70445E+00    0.13689E-01
    0.71868E+00    0.13076E-01
    0.73320E+00    0.12488E-01
    0.74801E+00    0.11927E-01
    0.76312E+00    0.11389E-01
    0.77854E+00    0.10875E-01
    0.79426E+00    0.10383E-01
    0.81031E+00    0.99125E-02
    0.82668E+00    0.94626E-02
    0.84338E+00    0.90323E-02
    0.86041E+00    0.86210E-02
    0.87780E+00    0.82277E-02
    0.89553E+00    0.78518E-02
    0.91362E+00    0.74925E-02
    0.93208E+00    0.71491E-02
    0.95091E+00    0.68209E-02
    0.97011E+00    0.65073E-02
    0.98971E+00    0.62076E-02
    0.10097E+01    0.59213E-02
    0.10301E+01    0.56477E-02
    0.10509E+01    0.53864E-02
    0.10721E+01    0.51368E-02
    0.10938E+01    0.48984E-02
    0.11159E+01    0.46708E-02
    0.11384E+01    0.44535E-02
    0.11614E+01    0.42459E-02
    0.11849E+01    0.40478E-02
    0.12088E+01    0.38586E-02
    0.12333E+01    0.36780E-02
    0.12582E+01    0.35056E-02
    0.12836E+01    0.33411E-02
    0.13095E+01    0.31841E-02
    0.13360E+01    0.30343E-02
    0.13630E+01    0.28913E-02
    0.13905E+01    0.27549E-02
    0.14186E+01    0.26248E-02
    0.14472E+01    0.25006E-02
    0.14765E+01    0.23822E-02
    0.15063E+01    0.22692E-02
    0.15367E+01    0.21615E-02
    0.15678E+01    0.20588E-02
    0.15994E+01    0.19608E-02
    0.16318E+01    0.18673E-02
    0.16647E+01    0.17783E-02
    0.16984E+01    0.16933E-02
    0.17327E+01    0.16124E-02
    0.17677E+01    0.15352E-02
    0.18034E+01    0.14616E-02
    0.18398E+01    0.13914E-02
    0.18770E+01    0.13246E-02
    0.19149E+01    0.12609E-02
    0.19536E+01    0.12002E-02
    0.19930E+01    0.11423E-02
    0.20333E+01    0.10872E-02
    0.20744E+01    0.10347E-02
    0.21163E+01    0.98468E-03
    0.21590E+01    0.93702E-03
    0.22026E+01    0.89162E-03
    0.22471E+01    0.84837E-03
    0.22925E+01    0.80718E-03
    0.23388E+01    0.76795E-03
    0.23861E+01    0.73059E-03
    0.24343E+01    0.69501E-03
    0.24835E+01    0.66113E-03
    0.25336E+01    0.62887E-03
    0.25848E+01    0.59815E-03
    0.26370E+01    0.56891E-03
    0.26903E+01    0.54107E-03
    0.27447E+01    0.51457E-03
    0.28001E+01    0.48934E-03
    0.28567E+01    0.46532E-03
    0.29144E+01    0.44247E-03
    0.29733E+01    0.42071E-03
    0.30333E+01    0.40001E-03
    0.30946E+01    0.38031E-03
    0.31571E+01    0.36156E-03
    0.32209E+01    0.34372E-03
    0.32860E+01    0.32675E-03
    0.33523E+01    0.31060E-03
    0.34201E+01    0.29524E-03
    0.34892E+01    0.28062E-03
    0.35596E+01    0.26671E-03
    0.36316E+01    0.25349E-03
    0.37049E+01    0.24091E-03
    0.37798E+01    0.22894E-03
    0.38561E+01    0.21756E-03
    0.39340E+01    0.20674E-03
    0.40135E+01    0.19644E-03
    0.40946E+01    0.18666E-03
    0.41773E+01    0.17735E-03
    0.42617E+01    0.16850E-03
    0.43478E+01    0.16008E-03
    0.44356E+01    0.15208E-03
    0.45252E+01    0.14447E-03
    0.46166E+01    0.13724E-03
    0.47099E+01    0.13036E-03
    0.48050E+01    0.12383E-03
    0.49021E+01    0.11761E-03
    0.50011E+01    0.11171E-03
    0.51021E+01    0.10610E-03
    0.52052E+01    0.10076E-03
    0.53104E+01    0.95691E-04
    0.54176E+01    0.90873E-04
    0.55271E+01    0.86294E-04
    0.56387E+01    0.81943E-04
    0.57526E+01    0.77808E-04
    0.58689E+01    0.73880E-04
    0.59874E+01    0.70147E-04
    0.61084E+01    0.66601E-04
    0.62318E+01    0.63232E-04
    0.63577E+01    0.60031E-04
    0.64861E+01    0.56989E-04
    0.66171E+01    0.54100E-04
    0.67508E+01    0.51356E-04
    0.68872E+01    0.48749E-04
    0.70263E+01    0.46273E-04
    0.71682E+01    0.43922E-04
    0.73130E+01    0.41688E-04
    0.74608E+01    0.39567E-04
    0.76115E+01    0.37553E-04
    0.77653E+01    0.35639E-04
    0.79221E+01    0.33823E-04
    0.80822E+01    0.32097E-04
    0.82454E+01    0.30459E-04
    0.84120E+01    0.28904E-04
    0.85819E+01    0.27427E-04
    0.87553E+01    0.26024E-04
    0.89322E+01    0.24693E-04
    0.91126E+01    0.23429E-04
    0.92967E+01    0.22229E-04
    0.94845E+01    0.21090E-04
    0.96761E+01    0.20009E-04
    0.98716E+01    0.18982E-04
    0.10071E+02    0.18008E-04
    0.10274E+02    0.17083E-04
    0.10482E+02    0.16205E-04
    0.10694E+02    0.15372E-04
    0.10910E+02    0.14581E-04
    0.11130E+02    0.13831E-04
    0.11355E+02    0.13118E-04
    0.11584E+02    0.12442E-04
    0.11818E+02    0.11801E-04
    0.12057E+02    0.11192E-04
    0.12301E+02    0.10615E-04
    0.12549E+02    0.10067E-04
    0.12803E+02    0.95466E-05
    0.13061E+02    0.90532E-05
    0.13325E+02    0.85851E-05
    0.13594E+02    0.81409E-05
    0.13869E+02    0.77195E-05
    0.14149E+02    0.73198E-05
    0.14435E+02    0.69405E-05
    0.14727E+02    0.65807E-05
    0.15024E+02    0.62394E-05
    0.15328E+02    0.59157E-05
    0.15637E+02    0.56086E-05
    0.15953E+02    0.53173E-05
    0.16275E+02    0.50410E-05
    0.16604E+02    0.47790E-05
    0.16940E+02    0.45304E-05
    0.17282E+02    0.42947E-05
    0.17631E+02    0.40711E-05
    0.17987E+02    0.38591E-05
    0.18351E+02    0.36580E-05
    0.18721E+02    0.34673E-05
    0.19099E+02    0.32865E-05
    0.19485E+02    0.31150E-05
    0.19879E+02    0.29524E-05
    0.20280E+02    0.27983E-05
    0.20690E+02    0.26521E-05
    0.21108E+02    0.25135E-05
    0.21535E+02    0.23820E-05
    0.21970E+02    0.22574E-05
    0.22413E+02    0.21393E-05
    0.22866E+02    0.20273E-05
    0.23328E+02    0.19211E-05
    0.23799E+02    0.18204E-05
    0.24280E+02    0.17250E-05
    0.24771E+02    0.16345E-05
    0.25271E+02    0.15488E-05
    0.25782E+02    0.14675E-05
    0.26302E+02    0.13904E-05
    0.26834E+02    0.13174E-05
    0.27376E+02    0.12482E-05
    0.27929E+02    0.11825E-05
    0.28493E+02    0.11203E-05
    0.29069E+02    0.10614E-05
    0.29656E+02    0.10055E-05
    0.30255E+02    0.95258E-06
    0.30866E+02    0.90240E-06
    0.31490E+02    0.85485E-06
    0.32126E+02    0.80978E-06
    0.32775E+02    0.76707E-06
    0.33437E+02    0.72660E-06
    0.34112E+02    0.68825E-06
    0.34801E+02    0.65191E-06
    0.35504E+02    0.61747E-06
    0.36222E+02    0.58485E-06
    0.36953E+02    0.55393E-06
    0.37700E+02    0.52463E-06
    0.38462E+02    0.49688E-06
    0.39239E+02    0.47058E-06
    0.40031E+02    0.44567E-06
    0.40840E+02    0.42206E-06
    0.41665E+02    0.39970E-06
    0.42507E+02    0.37851E-06
    0.43365E+02    0.35844E-06
    0.44241E+02    0.33943E-06
    0.45135E+02    0.32142E-06
    0.46047E+02    0.30435E-06
    0.46977E+02    0.28819E-06
    0.47926E+02    0.27288E-06
    0.48894E+02    0.25838E-06
    0.49882E+02    0.24464E-06
    0.50890E+02    0.23163E-06
    0.51918E+02    0.21930E-06
    0.52966E+02    0.20763E-06
    0.54036E+02    0.19657E-06
    0.55128E+02    0.18610E-06
    0.56242E+02    0.17619E-06
    0.57378E+02    0.16679E-06
    0.58537E+02    0.15790E-06
    0.59720E+02    0.14947E-06
    0.60926E+02    0.14150E-06
    0.62157E+02    0.13394E-06
    0.63412E+02    0.12679E-06
    0.64693E+02    0.12001E-06
    0.66000E+02    0.11360E-06
    0.67334E+02    0.10752E-06
    0.68694E+02    0.10177E-06
    0.70082E+02    0.96322E-07
    0.71497E+02    0.91164E-07
    0.72942E+02    0.86281E-07
    0.74415E+02    0.81657E-07
    0.75918E+02    0.77280E-07
    0.77452E+02    0.73135E-07
    0.79017E+02    0.69211E-07
    0.80613E+02    0.65496E-07
    0.82241E+02    0.61978E-07
    0.83903E+02    0.58648E-07
    0.85598E+02    0.55496E-07
    0.87327E+02    0.52512E-07
    0.89091E+02    0.49687E-07
    0.90891E+02    0.47012E-07
    0.92727E+02    0.44481E-07
    0.94600E+02    0.42084E-07
    0.96511E+02    0.39816E-07
    0.98461E+02    0.37669E-07
    0.10045E+03    0.35636E-07
    0.10248E+03    0.33713E-07
    0.10455E+03    0.31892E-07
    0.10666E+03    0.30169E-07
    0.10882E+03    0.28538E-07
    0.11101E+03    0.26994E-07
    0.11326E+03    0.25533E-07
    0.11554E+03    0.24150E-07
    0.11788E+03    0.22842E-07
    0.12026E+03    0.21603E-07
    0.12269E+03    0.20432E-07
    0.12517E+03    0.19323E-07
    0.12770E+03    0.18273E-07
    0.13028E+03    0.17280E-07
    0.13291E+03    0.16340E-07
    0.13559E+03    0.15451E-07
    0.13833E+03    0.14610E-07
    0.14113E+03    0.13814E-07
    0.14398E+03    0.13061E-07
    0.14689E+03    0.12348E-07
    0.14985E+03    0.11674E-07
    0.15288E+03    0.11036E-07
    0.15597E+03    0.10432E-07
    0.15912E+03    0.98615E-08
    0.16233E+03    0.93214E-08
    0.16561E+03    0.88105E-08
    0.16896E+03    0.83272E-08
    0.17237E+03    0.78700E-08
    0.17585E+03    0.74375E-08
    0.17941E+03    0.70285E-08
    0.18303E+03    0.66415E-08
    0.18673E+03    0.62756E-08
    0.19050E+03    0.59295E-08
    0.19435E+03    0.56021E-08
    0.19828E+03    0.52925E-08
    0.20228E+03    0.49998E-08
    0.20637E+03    0.47229E-08
    0.21054E+03    0.44611E-08
    0.21479E+03    0.42135E-08
    0.21913E+03    0.39794E-08
    0.22356E+03    0.37581E-08
    0.22807E+03    0.35488E-08
    0.23268E+03    0.33509E-08
    0.23738E+03    0.31638E-08
    0.24217E+03    0.29870E-08
    0.24707E+03    0.28198E-08
    0.25206E+03    0.26618E-08
    0.25715E+03    0.25124E-08
    0.26234E+03    0.23712E-08
    0.26764E+03    0.22378E-08
    0.27305E+03    0.21117E-08
    0.27857E+03    0.19925E-08
    0.28419E+03    0.18799E-08
    0.28994E+03    0.17735E-08
    0.29579E+03    0.16729E-08
    0.30177E+03    0.15779E-08
    0.30786E+03    0.14882E-08
    0.31408E+03    0.14034E-08
    0.32043E+03    0.13233E-08
    0.32690E+03    0.12477E-08
    0.33351E+03    0.11762E-08
    0.34024E+03    0.11088E-08
    0.34712E+03    0.10450E-08
    0.35413E+03    0.98489E-09
    0.36128E+03    0.92809E-09
    0.36858E+03    0.87448E-09
    0.37603E+03    0.82387E-09
    0.38362E+03    0.77610E-09
    0.39137E+03    0.73102E-09
    0.39928E+03    0.68848E-09
    0.40734E+03    0.64834E-09
    0.41557E+03    0.61047E-09
    0.42397E+03    0.57475E-09
    0.43253E+03    0.54106E-09
    0.44127E+03    0.50929E-09
    0.45019E+03    0.47933E-09
    0.45928E+03    0.45108E-09
    0.46856E+03    0.42445E-09
    0.47802E+03    0.39934E-09
    0.48768E+03    0.37568E-09
    0.49753E+03    0.35340E-09
