#           k/h    P           
    0.10000E-03    0.70481E-01
    0.10202E-03    0.71861E-01
    0.10408E-03    0.73269E-01
    0.10618E-03    0.74704E-01
    0.10833E-03    0.76167E-01
    0.11052E-03    0.77659E-01
    0.11275E-03    0.79180E-01
    0.11503E-03    0.80731E-01
    0.11735E-03    0.82312E-01
    0.11972E-03    0.83924E-01
    0.12214E-03    0.85568E-01
    0.12461E-03    0.87244E-01
    0.12712E-03    0.88953E-01
    0.12969E-03    0.90695E-01
    0.13231E-03    0.92471E-01
    0.13499E-03    0.94282E-01
    0.13771E-03    0.96129E-01
    0.14049E-03    0.98011E-01
    0.14333E-03    0.99931E-01
    0.14623E-03    0.10189E+00
    0.14918E-03    0.10388E+00
    0.15220E-03    0.10592E+00
    0.15527E-03    0.10799E+00
    0.15841E-03    0.11011E+00
    0.16161E-03    0.11226E+00
    0.16487E-03    0.11446E+00
    0.16820E-03    0.11670E+00
    0.17160E-03    0.11899E+00
    0.17507E-03    0.12132E+00
    0.17860E-03    0.12369E+00
    0.18221E-03    0.12612E+00
    0.18589E-03    0.12859E+00
    0.18965E-03    0.13110E+00
    0.19348E-03    0.13367E+00
    0.19739E-03    0.13629E+00
    0.20138E-03    0.13896E+00
    0.20544E-03    0.14168E+00
    0.20959E-03    0.14445E+00
    0.21383E-03    0.14728E+00
    0.21815E-03    0.15016E+00
    0.22255E-03    0.15310E+00
    0.22705E-03    0.15610E+00
    0.23164E-03    0.15915E+00
    0.23632E-03    0.16227E+00
    0.24109E-03    0.16545E+00
    0.24596E-03    0.16869E+00
    0.25093E-03    0.17199E+00
    0.25600E-03    0.17535E+00
    0.26117E-03    0.17879E+00
    0.26645E-03    0.18229E+00
    0.27183E-03    0.18585E+00
    0.27732E-03    0.18949E+00
    0.28292E-03    0.19320E+00
    0.28864E-03    0.19698E+00
    0.29447E-03    0.20083E+00
    0.30042E-03    0.20476E+00
    0.30649E-03    0.20877E+00
    0.31268E-03    0.21286E+00
    0.31899E-03    0.21702E+00
    0.32544E-03    0.22127E+00
    0.33201E-03    0.22559E+00
    0.33872E-03    0.23001E+00
    0.34556E-03    0.23451E+00
    0.35254E-03    0.23909E+00
    0.35966E-03    0.24377E+00
    0.36693E-03    0.24854E+00
    0.37434E-03    0.25340E+00
    0.38190E-03    0.25835E+00
    0.38962E-03    0.26340E+00
    0.39749E-03    0.26855E+00
    0.40552E-03    0.27380E+00
    0.41371E-03    0.27916E+00
    0.42207E-03    0.28461E+00
    0.43060E-03    0.29018E+00
    0.43929E-03    0.29585E+00
    0.44817E-03    0.30163E+00
    0.45722E-03    0.30752E+00
    0.46646E-03    0.31353E+00
    0.47588E-03    0.31965E+00
    0.48550E-03    0.32590E+00
    0.49530E-03    0.33226E+00
    0.50531E-03    0.33875E+00
    0.51552E-03    0.34537E+00
    0.52593E-03    0.35211E+00
    0.53656E-03    0.35898E+00
    0.54739E-03    0.36599E+00
    0.55845E-03    0.37313E+00
    0.56973E-03    0.38041E+00
    0.58124E-03    0.38783E+00
    0.59299E-03    0.39540E+00
    0.60496E-03    0.40311E+00
    0.61719E-03    0.41097E+00
    0.62965E-03    0.41898E+00
    0.64237E-03    0.42715E+00
    0.65535E-03    0.43547E+00
    0.66859E-03    0.44395E+00
    0.68210E-03    0.45260E+00
    0.69588E-03    0.46141E+00
    0.70993E-03    0.47040E+00
    0.72427E-03    0.47955E+00
    0.73891E-03    0.48889E+00
    0.75383E-03    0.49840E+00
    0.76906E-03    0.50809E+00
    0.78460E-03    0.51797E+00
    0.80045E-03    0.52804E+00
    0.81662E-03    0.53829E+00
    0.83311E-03    0.54875E+00
    0.84994E-03    0.55941E+00
    0.86711E-03    0.57026E+00
    0.88463E-03    0.58133E+00
    0.90250E-03    0.59260E+00
    0.92073E-03    0.60409E+00
    0.93933E-03    0.61580E+00
    0.95831E-03    0.62773E+00
    0.97767E-03    0.63988E+00
    0.99742E-03    0.65227E+00
    0.10176E-02    0.66488E+00
    0.10381E-02    0.67774E+00
    0.10591E-02    0.69083E+00
    0.10805E-02    0.70418E+00
    0.11023E-02    0.71777E+00
    0.11246E-02    0.73161E+00
    0.11473E-02    0.74572E+00
    0.11705E-02    0.76008E+00
    0.11941E-02    0.77471E+00
    0.12182E-02    0.78962E+00
    0.12429E-02    0.80480E+00
    0.12680E-02    0.82026E+00
    0.12936E-02    0.83600E+00
    0.13197E-02    0.85204E+00
    0.13464E-02    0.86836E+00
    0.13736E-02    0.88499E+00
    0.14013E-02    0.90191E+00
    0.14296E-02    0.91915E+00
    0.14585E-02    0.93669E+00
    0.14880E-02    0.95456E+00
    0.15180E-02    0.97274E+00
    0.15487E-02    0.99125E+00
    0.15800E-02    0.10101E+01
    0.16119E-02    0.10293E+01
    0.16445E-02    0.10488E+01
    0.16777E-02    0.10686E+01
    0.17116E-02    0.10888E+01
    0.17462E-02    0.11094E+01
    0.17814E-02    0.11303E+01
    0.18174E-02    0.11516E+01
    0.18541E-02    0.11732E+01
    0.18916E-02    0.11952E+01
    0.19298E-02    0.12176E+01
    0.19688E-02    0.12404E+01
    0.20086E-02    0.12635E+01
    0.20491E-02    0.12871E+01
    0.20905E-02    0.13110E+01
    0.21328E-02    0.13353E+01
    0.21758E-02    0.13600E+01
    0.22198E-02    0.13851E+01
    0.22646E-02    0.14106E+01
    0.23104E-02    0.14366E+01
    0.23571E-02    0.14629E+01
    0.24047E-02    0.14896E+01
    0.24533E-02    0.15168E+01
    0.25028E-02    0.15444E+01
    0.25534E-02    0.15723E+01
    0.26050E-02    0.16008E+01
    0.26576E-02    0.16296E+01
    0.27113E-02    0.16588E+01
    0.27660E-02    0.16885E+01
    0.28219E-02    0.17186E+01
    0.28789E-02    0.17491E+01
    0.29371E-02    0.17801E+01
    0.29964E-02    0.18115E+01
    0.30569E-02    0.18432E+01
    0.31187E-02    0.18755E+01
    0.31817E-02    0.19081E+01
    0.32460E-02    0.19411E+01
    0.33115E-02    0.19746E+01
    0.33784E-02    0.20084E+01
    0.34467E-02    0.20427E+01
    0.35163E-02    0.20774E+01
    0.35874E-02    0.21124E+01
    0.36598E-02    0.21479E+01
    0.37338E-02    0.21837E+01
    0.38092E-02    0.22199E+01
    0.38861E-02    0.22565E+01
    0.39646E-02    0.22934E+01
    0.40447E-02    0.23307E+01
    0.41264E-02    0.23683E+01
    0.42098E-02    0.24062E+01
    0.42948E-02    0.24445E+01
    0.43816E-02    0.24831E+01
    0.44701E-02    0.25220E+01
    0.45604E-02    0.25611E+01
    0.46525E-02    0.26005E+01
    0.47465E-02    0.26402E+01
    0.48424E-02    0.26801E+01
    0.49402E-02    0.27202E+01
    0.50400E-02    0.27606E+01
    0.51419E-02    0.28011E+01
    0.52457E-02    0.28418E+01
    0.53517E-02    0.28827E+01
    0.54598E-02    0.29237E+01
    0.55701E-02    0.29648E+01
    0.56826E-02    0.30060E+01
    0.57974E-02    0.30473E+01
    0.59145E-02    0.30886E+01
    0.60340E-02    0.31299E+01
    0.61559E-02    0.31713E+01
    0.62803E-02    0.32127E+01
    0.64072E-02    0.32540E+01
    0.65366E-02    0.32953E+01
    0.66686E-02    0.33365E+01
    0.68033E-02    0.33775E+01
    0.69408E-02    0.34185E+01
    0.70810E-02    0.34593E+01
    0.72240E-02    0.34999E+01
    0.73700E-02    0.35403E+01
    0.75189E-02    0.35805E+01
    0.76708E-02    0.36204E+01
    0.78257E-02    0.36600E+01
    0.79838E-02    0.36993E+01
    0.81451E-02    0.37383E+01
    0.83096E-02    0.37769E+01
    0.84775E-02    0.38152E+01
    0.86488E-02    0.38530E+01
    0.88235E-02    0.38903E+01
    0.90017E-02    0.39271E+01
    0.91836E-02    0.39635E+01
    0.93691E-02    0.39992E+01
    0.95583E-02    0.40344E+01
    0.97514E-02    0.40690E+01
    0.99484E-02    0.41028E+01
    0.10149E-01    0.41360E+01
    0.10354E-01    0.41684E+01
    0.10564E-01    0.42000E+01
    0.10777E-01    0.42308E+01
    0.10995E-01    0.42606E+01
    0.11217E-01    0.42896E+01
    0.11443E-01    0.43175E+01
    0.11675E-01    0.43444E+01
    0.11910E-01    0.43702E+01
    0.12151E-01    0.43948E+01
    0.12397E-01    0.44183E+01
    0.12647E-01    0.44405E+01
    0.12902E-01    0.44614E+01
    0.13163E-01    0.44809E+01
    0.13429E-01    0.44990E+01
    0.13700E-01    0.45156E+01
    0.13977E-01    0.45306E+01
    0.14259E-01    0.45442E+01
    0.14547E-01    0.45560E+01
    0.14841E-01    0.45663E+01
    0.15141E-01    0.45748E+01
    0.15447E-01    0.45815E+01
    0.15759E-01    0.45865E+01
    0.16077E-01    0.45896E+01
    0.16402E-01    0.45909E+01
    0.16734E-01    0.45902E+01
    0.17072E-01    0.45876E+01
    0.17416E-01    0.45831E+01
    0.17768E-01    0.45765E+01
    0.18127E-01    0.45679E+01
    0.18493E-01    0.45573E+01
    0.18867E-01    0.45446E+01
    0.19248E-01    0.45297E+01
    0.19637E-01    0.45128E+01
    0.20034E-01    0.44936E+01
    0.20438E-01    0.44723E+01
    0.20851E-01    0.44489E+01
    0.21272E-01    0.44232E+01
    0.21702E-01    0.43954E+01
    0.22141E-01    0.43653E+01
    0.22588E-01    0.43332E+01
    0.23044E-01    0.42989E+01
    0.23510E-01    0.42625E+01
    0.23985E-01    0.42241E+01
    0.24469E-01    0.41838E+01
    0.24964E-01    0.41414E+01
    0.25468E-01    0.40973E+01
    0.25982E-01    0.40514E+01
    0.26507E-01    0.40037E+01
    0.27043E-01    0.39545E+01
    0.27589E-01    0.39037E+01
    0.28146E-01    0.38516E+01
    0.28715E-01    0.37981E+01
    0.29295E-01    0.37434E+01
    0.29887E-01    0.36877E+01
    0.30490E-01    0.36310E+01
    0.31106E-01    0.35735E+01
    0.31735E-01    0.35154E+01
    0.32376E-01    0.34567E+01
    0.33030E-01    0.33977E+01
    0.33697E-01    0.33385E+01
    0.34378E-01    0.32793E+01
    0.35072E-01    0.32202E+01
    0.35781E-01    0.31615E+01
    0.36504E-01    0.31032E+01
    0.37241E-01    0.30455E+01
    0.37993E-01    0.29887E+01
    0.38761E-01    0.29327E+01
    0.39544E-01    0.28779E+01
    0.40343E-01    0.28242E+01
    0.41158E-01    0.27718E+01
    0.41989E-01    0.27208E+01
    0.42838E-01    0.26714E+01
    0.43703E-01    0.26235E+01
    0.44586E-01    0.25773E+01
    0.45486E-01    0.25329E+01
    0.46405E-01    0.24902E+01
    0.47343E-01    0.24494E+01
    0.48299E-01    0.24103E+01
    0.49275E-01    0.23728E+01
    0.50270E-01    0.23370E+01
    0.51286E-01    0.23028E+01
    0.52322E-01    0.22699E+01
    0.53379E-01    0.22384E+01
    0.54457E-01    0.22080E+01
    0.55557E-01    0.21785E+01
    0.56680E-01    0.21498E+01
    0.57825E-01    0.21216E+01
    0.58993E-01    0.20936E+01
    0.60184E-01    0.20656E+01
    0.61400E-01    0.20373E+01
    0.62641E-01    0.20084E+01
    0.63906E-01    0.19786E+01
    0.65197E-01    0.19478E+01
    0.66514E-01    0.19155E+01
    0.67858E-01    0.18817E+01
    0.69229E-01    0.18462E+01
    0.70627E-01    0.18087E+01
    0.72054E-01    0.17694E+01
    0.73510E-01    0.17280E+01
    0.74994E-01    0.16848E+01
    0.76509E-01    0.16398E+01
    0.78055E-01    0.15932E+01
    0.79632E-01    0.15453E+01
    0.81241E-01    0.14965E+01
    0.82882E-01    0.14471E+01
    0.84556E-01    0.13976E+01
    0.86264E-01    0.13484E+01
    0.88007E-01    0.13000E+01
    0.89785E-01    0.12530E+01
    0.91598E-01    0.12077E+01
    0.93449E-01    0.11647E+01
    0.95337E-01    0.11241E+01
    0.97263E-01    0.10865E+01
    0.99227E-01    0.10518E+01
    0.10123E+00    0.10203E+01
    0.10328E+00    0.99195E+00
    0.10536E+00    0.96661E+00
    0.10749E+00    0.94405E+00
    0.10966E+00    0.92395E+00
    0.11188E+00    0.90586E+00
    0.11414E+00    0.88927E+00
    0.11644E+00    0.87359E+00
    0.11880E+00    0.85819E+00
    0.12120E+00    0.84246E+00
    0.12365E+00    0.82580E+00
    0.12614E+00    0.80774E+00
    0.12869E+00    0.78790E+00
    0.13129E+00    0.76606E+00
    0.13394E+00    0.74224E+00
    0.13665E+00    0.71661E+00
    0.13941E+00    0.68955E+00
    0.14223E+00    0.66161E+00
    0.14510E+00    0.63344E+00
    0.14803E+00    0.60574E+00
    0.15102E+00    0.57920E+00
    0.15407E+00    0.55444E+00
    0.15718E+00    0.53193E+00
    0.16036E+00    0.51195E+00
    0.16360E+00    0.49460E+00
    0.16690E+00    0.47974E+00
    0.17028E+00    0.46702E+00
    0.17371E+00    0.45593E+00
    0.17722E+00    0.44583E+00
    0.18080E+00    0.43601E+00
    0.18446E+00    0.42580E+00
    0.18818E+00    0.41466E+00
    0.19198E+00    0.40223E+00
    0.19586E+00    0.38842E+00
    0.19982E+00    0.37341E+00
    0.20386E+00    0.35764E+00
    0.20797E+00    0.34168E+00
    0.21218E+00    0.32618E+00
    0.21646E+00    0.31171E+00
    0.22083E+00    0.29872E+00
    0.22530E+00    0.28738E+00
    0.22985E+00    0.27767E+00
    0.23449E+00    0.26926E+00
    0.23923E+00    0.26172E+00
    0.24406E+00    0.25447E+00
    0.24899E+00    0.24702E+00
    0.25402E+00    0.23901E+00
    0.25915E+00    0.23029E+00
    0.26439E+00    0.22101E+00
    0.26973E+00    0.21148E+00
    0.27518E+00    0.20213E+00
    0.28074E+00    0.19338E+00
    0.28641E+00    0.18548E+00
    0.29219E+00    0.17852E+00
    0.29810E+00    0.17235E+00
    0.30412E+00    0.16668E+00
    0.31026E+00    0.16116E+00
    0.31653E+00    0.15551E+00
    0.32292E+00    0.14960E+00
    0.32945E+00    0.14350E+00
    0.33610E+00    0.13739E+00
    0.34289E+00    0.13153E+00
    0.34982E+00    0.12610E+00
    0.35689E+00    0.12116E+00
    0.36409E+00    0.11665E+00
    0.37145E+00    0.11238E+00
    0.37895E+00    0.10818E+00
    0.38661E+00    0.10395E+00
    0.39442E+00    0.99685E-01
    0.40239E+00    0.95496E-01
    0.41052E+00    0.91499E-01
    0.41881E+00    0.87766E-01
    0.42727E+00    0.84288E-01
    0.43590E+00    0.80990E-01
    0.44471E+00    0.77784E-01
    0.45369E+00    0.74622E-01
    0.46286E+00    0.71517E-01
    0.47221E+00    0.68517E-01
    0.48174E+00    0.65668E-01
    0.49148E+00    0.62976E-01
    0.50141E+00    0.60410E-01
    0.51153E+00    0.57930E-01
    0.52187E+00    0.55517E-01
    0.53241E+00    0.53180E-01
    0.54317E+00    0.50938E-01
    0.55414E+00    0.48802E-01
    0.56533E+00    0.46762E-01
    0.57675E+00    0.44800E-01
    0.58840E+00    0.42905E-01
    0.60029E+00    0.41079E-01
    0.61242E+00    0.39330E-01
    0.62479E+00    0.37656E-01
    0.63741E+00    0.36052E-01
    0.65029E+00    0.34510E-01
    0.66342E+00    0.33029E-01
    0.67683E+00    0.31607E-01
    0.69050E+00    0.30244E-01
    0.70445E+00    0.28937E-01
    0.71868E+00    0.27685E-01
    0.73320E+00    0.26484E-01
    0.74801E+00    0.25333E-01
    0.76312E+00    0.24228E-01
    0.77854E+00    0.23170E-01
    0.79426E+00    0.22156E-01
    0.81031E+00    0.21184E-01
    0.82668E+00    0.20252E-01
    0.84338E+00    0.19360E-01
    0.86041E+00    0.18505E-01
    0.87780E+00    0.17687E-01
    0.89553E+00    0.16903E-01
    0.91362E+00    0.16152E-01
    0.93208E+00    0.15434E-01
    0.95091E+00    0.14746E-01
    0.97011E+00    0.14087E-01
    0.98971E+00    0.13457E-01
    0.10097E+01    0.12853E-01
    0.10301E+01    0.12276E-01
    0.10509E+01    0.11724E-01
    0.10721E+01    0.11195E-01
    0.10938E+01    0.10689E-01
    0.11159E+01    0.10206E-01
    0.11384E+01    0.97433E-02
    0.11614E+01    0.93010E-02
    0.11849E+01    0.88780E-02
    0.12088E+01    0.84737E-02
    0.12333E+01    0.80871E-02
    0.12582E+01    0.77175E-02
    0.12836E+01    0.73642E-02
    0.13095E+01    0.70265E-02
    0.13360E+01    0.67038E-02
    0.13630E+01    0.63954E-02
    0.13905E+01    0.61008E-02
    0.14186E+01    0.58193E-02
    0.14472E+01    0.55504E-02
    0.14765E+01    0.52935E-02
    0.15063E+01    0.50482E-02
    0.15367E+01    0.48139E-02
    0.15678E+01    0.45901E-02
    0.15994E+01    0.43764E-02
    0.16318E+01    0.41724E-02
    0.16647E+01    0.39776E-02
    0.16984E+01    0.37916E-02
    0.17327E+01    0.36141E-02
    0.17677E+01    0.34446E-02
    0.18034E+01    0.32829E-02
    0.18398E+01    0.31286E-02
    0.18770E+01    0.29813E-02
    0.19149E+01    0.28408E-02
    0.19536E+01    0.27068E-02
    0.19930E+01    0.25789E-02
    0.20333E+01    0.24568E-02
    0.20744E+01    0.23404E-02
    0.21163E+01    0.22294E-02
    0.21590E+01    0.21235E-02
    0.22026E+01    0.20225E-02
    0.22471E+01    0.19262E-02
    0.22925E+01    0.18344E-02
    0.23388E+01    0.17469E-02
    0.23861E+01    0.16634E-02
    0.24343E+01    0.15838E-02
    0.24835E+01    0.15080E-02
    0.25336E+01    0.14357E-02
    0.25848E+01    0.13668E-02
    0.26370E+01    0.13011E-02
    0.26903E+01    0.12385E-02
    0.27447E+01    0.11788E-02
    0.28001E+01    0.11220E-02
    0.28567E+01    0.10678E-02
    0.29144E+01    0.10162E-02
    0.29733E+01    0.96707E-03
    0.30333E+01    0.92024E-03
    0.30946E+01    0.87564E-03
    0.31571E+01    0.83315E-03
    0.32209E+01    0.79269E-03
    0.32860E+01    0.75415E-03
    0.33523E+01    0.71744E-03
    0.34201E+01    0.68249E-03
    0.34892E+01    0.64920E-03
    0.35596E+01    0.61751E-03
    0.36316E+01    0.58734E-03
    0.37049E+01    0.55861E-03
    0.37798E+01    0.53126E-03
    0.38561E+01    0.50523E-03
    0.39340E+01    0.48045E-03
    0.40135E+01    0.45686E-03
    0.40946E+01    0.43441E-03
    0.41773E+01    0.41305E-03
    0.42617E+01    0.39272E-03
    0.43478E+01    0.37337E-03
    0.44356E+01    0.35495E-03
    0.45252E+01    0.33743E-03
    0.46166E+01    0.32076E-03
    0.47099E+01    0.30490E-03
    0.48050E+01    0.28982E-03
    0.49021E+01    0.27547E-03
    0.50011E+01    0.26181E-03
    0.51021E+01    0.24882E-03
    0.52052E+01    0.23647E-03
    0.53104E+01    0.22472E-03
    0.54176E+01    0.21354E-03
    0.55271E+01    0.20291E-03
    0.56387E+01    0.19281E-03
    0.57526E+01    0.18320E-03
    0.58689E+01    0.17406E-03
    0.59874E+01    0.16537E-03
    0.61084E+01    0.15710E-03
    0.62318E+01    0.14925E-03
    0.63577E+01    0.14178E-03
    0.64861E+01    0.13468E-03
    0.66171E+01    0.12793E-03
    0.67508E+01    0.12151E-03
    0.68872E+01    0.11541E-03
    0.70263E+01    0.10962E-03
    0.71682E+01    0.10411E-03
    0.73130E+01    0.98872E-04
    0.74608E+01    0.93895E-04
    0.76115E+01    0.89165E-04
    0.77653E+01    0.84671E-04
    0.79221E+01    0.80400E-04
    0.80822E+01    0.76342E-04
    0.82454E+01    0.72486E-04
    0.84120E+01    0.68822E-04
    0.85819E+01    0.65342E-04
    0.87553E+01    0.62035E-04
    0.89322E+01    0.58893E-04
    0.91126E+01    0.55909E-04
    0.92967E+01    0.53074E-04
    0.94845E+01    0.50381E-04
    0.96761E+01    0.47823E-04
    0.98716E+01    0.45393E-04
    0.10071E+02    0.43085E-04
    0.10274E+02    0.40893E-04
    0.10482E+02    0.38812E-04
    0.10694E+02    0.36835E-04
    0.10910E+02    0.34958E-04
    0.11130E+02    0.33175E-04
    0.11355E+02    0.31482E-04
    0.11584E+02    0.29875E-04
    0.11818E+02    0.28349E-04
    0.12057E+02    0.26900E-04
    0.12301E+02    0.25524E-04
    0.12549E+02    0.24218E-04
    0.12803E+02    0.22978E-04
    0.13061E+02    0.21801E-04
    0.13325E+02    0.20683E-04
    0.13594E+02    0.19622E-04
    0.13869E+02    0.18615E-04
    0.14149E+02    0.17659E-04
    0.14435E+02    0.16752E-04
    0.14727E+02    0.15891E-04
    0.15024E+02    0.15074E-04
    0.15328E+02    0.14298E-04
    0.15637E+02    0.13562E-04
    0.15953E+02    0.12863E-04
    0.16275E+02    0.12200E-04
    0.16604E+02    0.11571E-04
    0.16940E+02    0.10974E-04
    0.17282E+02    0.10408E-04
    0.17631E+02    0.98701E-05
    0.17987E+02    0.93600E-05
    0.18351E+02    0.88761E-05
    0.18721E+02    0.84170E-05
    0.19099E+02    0.79814E-05
    0.19485E+02    0.75681E-05
    0.19879E+02    0.71761E-05
    0.20280E+02    0.68042E-05
    0.20690E+02    0.64513E-05
    0.21108E+02    0.61167E-05
    0.21535E+02    0.57992E-05
    0.21970E+02    0.54981E-05
    0.22413E+02    0.52124E-05
    0.22866E+02    0.49415E-05
    0.23328E+02    0.46845E-05
    0.23799E+02    0.44408E-05
    0.24280E+02    0.42097E-05
    0.24771E+02    0.39905E-05
    0.25271E+02    0.37826E-05
    0.25782E+02    0.35854E-05
    0.26302E+02    0.33985E-05
    0.26834E+02    0.32212E-05
    0.27376E+02    0.30531E-05
    0.27929E+02    0.28937E-05
    0.28493E+02    0.27425E-05
    0.29069E+02    0.25992E-05
    0.29656E+02    0.24633E-05
    0.30255E+02    0.23345E-05
    0.30866E+02    0.22123E-05
    0.31490E+02    0.20965E-05
    0.32126E+02    0.19867E-05
    0.32775E+02    0.18826E-05
    0.33437E+02    0.17839E-05
    0.34112E+02    0.16904E-05
    0.34801E+02    0.16017E-05
    0.35504E+02    0.15176E-05
    0.36222E+02    0.14380E-05
    0.36953E+02    0.13624E-05
    0.37700E+02    0.12908E-05
    0.38462E+02    0.12230E-05
    0.39239E+02    0.11587E-05
    0.40031E+02    0.10977E-05
    0.40840E+02    0.10399E-05
    0.41665E+02    0.98518E-06
    0.42507E+02    0.93328E-06
    0.43365E+02    0.88410E-06
    0.44241E+02    0.83750E-06
    0.45135E+02    0.79333E-06
    0.46047E+02    0.75147E-06
    0.46977E+02    0.71181E-06
    0.47926E+02    0.67423E-06
    0.48894E+02    0.63861E-06
    0.49882E+02    0.60487E-06
    0.50890E+02    0.57289E-06
    0.51918E+02    0.54260E-06
    0.52966E+02    0.51389E-06
    0.54036E+02    0.48669E-06
    0.55128E+02    0.46093E-06
    0.56242E+02    0.43651E-06
    0.57378E+02    0.41338E-06
    0.58537E+02    0.39147E-06
    0.59720E+02    0.37071E-06
    0.60926E+02    0.35105E-06
    0.62157E+02    0.33242E-06
    0.63412E+02    0.31477E-06
    0.64693E+02    0.29805E-06
    0.66000E+02    0.28222E-06
    0.67334E+02    0.26722E-06
    0.68694E+02    0.25301E-06
    0.70082E+02    0.23955E-06
    0.71497E+02    0.22680E-06
    0.72942E+02    0.21473E-06
    0.74415E+02    0.20330E-06
    0.75918E+02    0.19246E-06
    0.77452E+02    0.18221E-06
    0.79017E+02    0.17249E-06
    0.80613E+02    0.16329E-06
    0.82241E+02    0.15458E-06
    0.83903E+02    0.14633E-06
    0.85598E+02    0.13851E-06
    0.87327E+02    0.13111E-06
    0.89091E+02    0.12410E-06
    0.90891E+02    0.11747E-06
    0.92727E+02    0.11119E-06
    0.94600E+02    0.10524E-06
    0.96511E+02    0.99601E-07
    0.98461E+02    0.94267E-07
    0.10045E+03    0.89216E-07
    0.10248E+03    0.84433E-07
    0.10455E+03    0.79905E-07
    0.10666E+03    0.75618E-07
    0.10882E+03    0.71559E-07
    0.11101E+03    0.67716E-07
    0.11326E+03    0.64078E-07
    0.11554E+03    0.60634E-07
    0.11788E+03    0.57374E-07
    0.12026E+03    0.54287E-07
    0.12269E+03    0.51365E-07
    0.12517E+03    0.48599E-07
    0.12770E+03    0.45980E-07
    0.13028E+03    0.43502E-07
    0.13291E+03    0.41156E-07
    0.13559E+03    0.38935E-07
    0.13833E+03    0.36833E-07
    0.14113E+03    0.34843E-07
    0.14398E+03    0.32960E-07
    0.14689E+03    0.31178E-07
    0.14985E+03    0.29491E-07
    0.15288E+03    0.27895E-07
    0.15597E+03    0.26384E-07
    0.15912E+03    0.24954E-07
    0.16233E+03    0.23601E-07
    0.16561E+03    0.22320E-07
    0.16896E+03    0.21108E-07
    0.17237E+03    0.19961E-07
    0.17585E+03    0.18876E-07
    0.17941E+03    0.17849E-07
    0.18303E+03    0.16878E-07
    0.18673E+03    0.15958E-07
    0.19050E+03    0.15088E-07
    0.19435E+03    0.14265E-07
    0.19828E+03    0.13487E-07
    0.20228E+03    0.12750E-07
    0.20637E+03    0.12053E-07
    0.21054E+03    0.11393E-07
    0.21479E+03    0.10770E-07
    0.21913E+03    0.10179E-07
    0.22356E+03    0.96211E-08
    0.22807E+03    0.90930E-08
    0.23268E+03    0.85934E-08
    0.23738E+03    0.81209E-08
    0.24217E+03    0.76739E-08
    0.24707E+03    0.72512E-08
    0.25206E+03    0.68514E-08
    0.25715E+03    0.64733E-08
    0.26234E+03    0.61156E-08
    0.26764E+03    0.57775E-08
    0.27305E+03    0.54576E-08
    0.27857E+03    0.51552E-08
    0.28419E+03    0.48692E-08
    0.28994E+03    0.45988E-08
    0.29579E+03    0.43431E-08
    0.30177E+03    0.41014E-08
    0.30786E+03    0.38729E-08
    0.31408E+03    0.36568E-08
    0.32043E+03    0.34526E-08
    0.32690E+03    0.32595E-08
    0.33351E+03    0.30770E-08
    0.34024E+03    0.29045E-08
    0.34712E+03    0.27414E-08
    0.35413E+03    0.25873E-08
    0.36128E+03    0.24417E-08
    0.36858E+03    0.23041E-08
    0.37603E+03    0.21741E-08
    0.38362E+03    0.20512E-08
    0.39137E+03    0.19351E-08
    0.39928E+03    0.18255E-08
    0.40734E+03    0.17219E-08
    0.41557E+03    0.16240E-08
    0.42397E+03    0.15316E-08
    0.43253E+03    0.14443E-08
    0.44127E+03    0.13619E-08
    0.45019E+03    0.12840E-08
    0.45928E+03    0.12105E-08
    0.46856E+03    0.11411E-08
    0.47802E+03    0.10756E-08
    0.48768E+03    0.10138E-08
    0.49753E+03    0.95542E-09
    0.50758E+03    0.90031E-09
    0.51784E+03    0.84831E-09
    0.52830E+03    0.79927E-09
