#           k/h    P           
    0.10000E-03    0.51937E-01
    0.10202E-03    0.52954E-01
    0.10408E-03    0.53992E-01
    0.10618E-03    0.55049E-01
    0.10833E-03    0.56127E-01
    0.11052E-03    0.57227E-01
    0.11275E-03    0.58348E-01
    0.11503E-03    0.59490E-01
    0.11735E-03    0.60656E-01
    0.11972E-03    0.61844E-01
    0.12214E-03    0.63055E-01
    0.12461E-03    0.64290E-01
    0.12712E-03    0.65549E-01
    0.12969E-03    0.66833E-01
    0.13231E-03    0.68142E-01
    0.13499E-03    0.69476E-01
    0.13771E-03    0.70837E-01
    0.14049E-03    0.72224E-01
    0.14333E-03    0.73639E-01
    0.14623E-03    0.75081E-01
    0.14918E-03    0.76551E-01
    0.15220E-03    0.78051E-01
    0.15527E-03    0.79579E-01
    0.15841E-03    0.81138E-01
    0.16161E-03    0.82727E-01
    0.16487E-03    0.84347E-01
    0.16820E-03    0.85998E-01
    0.17160E-03    0.87683E-01
    0.17507E-03    0.89400E-01
    0.17860E-03    0.91150E-01
    0.18221E-03    0.92935E-01
    0.18589E-03    0.94755E-01
    0.18965E-03    0.96610E-01
    0.19348E-03    0.98502E-01
    0.19739E-03    0.10043E+00
    0.20138E-03    0.10240E+00
    0.20544E-03    0.10440E+00
    0.20959E-03    0.10645E+00
    0.21383E-03    0.10853E+00
    0.21815E-03    0.11066E+00
    0.22255E-03    0.11282E+00
    0.22705E-03    0.11503E+00
    0.23164E-03    0.11728E+00
    0.23632E-03    0.11958E+00
    0.24109E-03    0.12192E+00
    0.24596E-03    0.12431E+00
    0.25093E-03    0.12674E+00
    0.25600E-03    0.12922E+00
    0.26117E-03    0.13175E+00
    0.26645E-03    0.13433E+00
    0.27183E-03    0.13696E+00
    0.27732E-03    0.13964E+00
    0.28292E-03    0.14237E+00
    0.28864E-03    0.14516E+00
    0.29447E-03    0.14800E+00
    0.30042E-03    0.15089E+00
    0.30649E-03    0.15385E+00
    0.31268E-03    0.15686E+00
    0.31899E-03    0.15993E+00
    0.32544E-03    0.16306E+00
    0.33201E-03    0.16625E+00
    0.33872E-03    0.16950E+00
    0.34556E-03    0.17281E+00
    0.35254E-03    0.17619E+00
    0.35966E-03    0.17964E+00
    0.36693E-03    0.18315E+00
    0.37434E-03    0.18674E+00
    0.38190E-03    0.19039E+00
    0.38962E-03    0.19411E+00
    0.39749E-03    0.19791E+00
    0.40552E-03    0.20178E+00
    0.41371E-03    0.20572E+00
    0.42207E-03    0.20974E+00
    0.43060E-03    0.21384E+00
    0.43929E-03    0.21802E+00
    0.44817E-03    0.22228E+00
    0.45722E-03    0.22663E+00
    0.46646E-03    0.23105E+00
    0.47588E-03    0.23557E+00
    0.48550E-03    0.24017E+00
    0.49530E-03    0.24486E+00
    0.50531E-03    0.24964E+00
    0.51552E-03    0.25452E+00
    0.52593E-03    0.25949E+00
    0.53656E-03    0.26456E+00
    0.54739E-03    0.26972E+00
    0.55845E-03    0.27499E+00
    0.56973E-03    0.28035E+00
    0.58124E-03    0.28582E+00
    0.59299E-03    0.29140E+00
    0.60496E-03    0.29708E+00
    0.61719E-03    0.30288E+00
    0.62965E-03    0.30878E+00
    0.64237E-03    0.31480E+00
    0.65535E-03    0.32094E+00
    0.66859E-03    0.32719E+00
    0.68210E-03    0.33357E+00
    0.69588E-03    0.34007E+00
    0.70993E-03    0.34669E+00
    0.72427E-03    0.35344E+00
    0.73891E-03    0.36032E+00
    0.75383E-03    0.36733E+00
    0.76906E-03    0.37448E+00
    0.78460E-03    0.38176E+00
    0.80045E-03    0.38919E+00
    0.81662E-03    0.39675E+00
    0.83311E-03    0.40446E+00
    0.84994E-03    0.41232E+00
    0.86711E-03    0.42033E+00
    0.88463E-03    0.42849E+00
    0.90250E-03    0.43680E+00
    0.92073E-03    0.44527E+00
    0.93933E-03    0.45391E+00
    0.95831E-03    0.46271E+00
    0.97767E-03    0.47167E+00
    0.99742E-03    0.48081E+00
    0.10176E-02    0.49011E+00
    0.10381E-02    0.49960E+00
    0.10591E-02    0.50926E+00
    0.10805E-02    0.51910E+00
    0.11023E-02    0.52913E+00
    0.11246E-02    0.53934E+00
    0.11473E-02    0.54975E+00
    0.11705E-02    0.56035E+00
    0.11941E-02    0.57115E+00
    0.12182E-02    0.58215E+00
    0.12429E-02    0.59335E+00
    0.12680E-02    0.60476E+00
    0.12936E-02    0.61638E+00
    0.13197E-02    0.62822E+00
    0.13464E-02    0.64027E+00
    0.13736E-02    0.65254E+00
    0.14013E-02    0.66504E+00
    0.14296E-02    0.67777E+00
    0.14585E-02    0.69073E+00
    0.14880E-02    0.70392E+00
    0.15180E-02    0.71735E+00
    0.15487E-02    0.73102E+00
    0.15800E-02    0.74494E+00
    0.16119E-02    0.75910E+00
    0.16445E-02    0.77352E+00
    0.16777E-02    0.78820E+00
    0.17116E-02    0.80313E+00
    0.17462E-02    0.81833E+00
    0.17814E-02    0.83379E+00
    0.18174E-02    0.84952E+00
    0.18541E-02    0.86552E+00
    0.18916E-02    0.88180E+00
    0.19298E-02    0.89836E+00
    0.19688E-02    0.91521E+00
    0.20086E-02    0.93233E+00
    0.20491E-02    0.94975E+00
    0.20905E-02    0.96746E+00
    0.21328E-02    0.98546E+00
    0.21758E-02    0.10038E+01
    0.22198E-02    0.10224E+01
    0.22646E-02    0.10413E+01
    0.23104E-02    0.10605E+01
    0.23571E-02    0.10800E+01
    0.24047E-02    0.10998E+01
    0.24533E-02    0.11200E+01
    0.25028E-02    0.11404E+01
    0.25534E-02    0.11612E+01
    0.26050E-02    0.11823E+01
    0.26576E-02    0.12037E+01
    0.27113E-02    0.12255E+01
    0.27660E-02    0.12475E+01
    0.28219E-02    0.12699E+01
    0.28789E-02    0.12926E+01
    0.29371E-02    0.13156E+01
    0.29964E-02    0.13390E+01
    0.30569E-02    0.13627E+01
    0.31187E-02    0.13867E+01
    0.31817E-02    0.14110E+01
    0.32460E-02    0.14357E+01
    0.33115E-02    0.14606E+01
    0.33784E-02    0.14859E+01
    0.34467E-02    0.15116E+01
    0.35163E-02    0.15375E+01
    0.35874E-02    0.15637E+01
    0.36598E-02    0.15903E+01
    0.37338E-02    0.16172E+01
    0.38092E-02    0.16443E+01
    0.38861E-02    0.16718E+01
    0.39646E-02    0.16996E+01
    0.40447E-02    0.17276E+01
    0.41264E-02    0.17559E+01
    0.42098E-02    0.17846E+01
    0.42948E-02    0.18135E+01
    0.43816E-02    0.18426E+01
    0.44701E-02    0.18720E+01
    0.45604E-02    0.19017E+01
    0.46525E-02    0.19316E+01
    0.47465E-02    0.19618E+01
    0.48424E-02    0.19922E+01
    0.49402E-02    0.20228E+01
    0.50400E-02    0.20536E+01
    0.51419E-02    0.20846E+01
    0.52457E-02    0.21158E+01
    0.53517E-02    0.21472E+01
    0.54598E-02    0.21787E+01
    0.55701E-02    0.22104E+01
    0.56826E-02    0.22423E+01
    0.57974E-02    0.22742E+01
    0.59145E-02    0.23063E+01
    0.60340E-02    0.23385E+01
    0.61559E-02    0.23708E+01
    0.62803E-02    0.24032E+01
    0.64072E-02    0.24356E+01
    0.65366E-02    0.24681E+01
    0.66686E-02    0.25006E+01
    0.68033E-02    0.25331E+01
    0.69408E-02    0.25657E+01
    0.70810E-02    0.25982E+01
    0.72240E-02    0.26307E+01
    0.73700E-02    0.26631E+01
    0.75189E-02    0.26954E+01
    0.76708E-02    0.27277E+01
    0.78257E-02    0.27599E+01
    0.79838E-02    0.27919E+01
    0.81451E-02    0.28238E+01
    0.83096E-02    0.28555E+01
    0.84775E-02    0.28870E+01
    0.86488E-02    0.29182E+01
    0.88235E-02    0.29493E+01
    0.90017E-02    0.29800E+01
    0.91836E-02    0.30105E+01
    0.93691E-02    0.30406E+01
    0.95583E-02    0.30703E+01
    0.97514E-02    0.30997E+01
    0.99484E-02    0.31286E+01
    0.10149E-01    0.31570E+01
    0.10354E-01    0.31850E+01
    0.10564E-01    0.32124E+01
    0.10777E-01    0.32392E+01
    0.10995E-01    0.32654E+01
    0.11217E-01    0.32910E+01
    0.11443E-01    0.33159E+01
    0.11675E-01    0.33400E+01
    0.11910E-01    0.33634E+01
    0.12151E-01    0.33859E+01
    0.12397E-01    0.34076E+01
    0.12647E-01    0.34284E+01
    0.12902E-01    0.34482E+01
    0.13163E-01    0.34671E+01
    0.13429E-01    0.34850E+01
    0.13700E-01    0.35019E+01
    0.13977E-01    0.35176E+01
    0.14259E-01    0.35323E+01
    0.14547E-01    0.35458E+01
    0.14841E-01    0.35581E+01
    0.15141E-01    0.35692E+01
    0.15447E-01    0.35791E+01
    0.15759E-01    0.35877E+01
    0.16077E-01    0.35949E+01
    0.16402E-01    0.36008E+01
    0.16734E-01    0.36054E+01
    0.17072E-01    0.36085E+01
    0.17416E-01    0.36101E+01
    0.17768E-01    0.36102E+01
    0.18127E-01    0.36089E+01
    0.18493E-01    0.36059E+01
    0.18867E-01    0.36013E+01
    0.19248E-01    0.35951E+01
    0.19637E-01    0.35872E+01
    0.20034E-01    0.35777E+01
    0.20438E-01    0.35664E+01
    0.20851E-01    0.35534E+01
    0.21272E-01    0.35387E+01
    0.21702E-01    0.35224E+01
    0.22141E-01    0.35043E+01
    0.22588E-01    0.34845E+01
    0.23044E-01    0.34630E+01
    0.23510E-01    0.34399E+01
    0.23985E-01    0.34151E+01
    0.24469E-01    0.33887E+01
    0.24964E-01    0.33608E+01
    0.25468E-01    0.33313E+01
    0.25982E-01    0.33003E+01
    0.26507E-01    0.32678E+01
    0.27043E-01    0.32339E+01
    0.27589E-01    0.31986E+01
    0.28146E-01    0.31620E+01
    0.28715E-01    0.31243E+01
    0.29295E-01    0.30854E+01
    0.29887E-01    0.30454E+01
    0.30490E-01    0.30046E+01
    0.31106E-01    0.29629E+01
    0.31735E-01    0.29205E+01
    0.32376E-01    0.28774E+01
    0.33030E-01    0.28339E+01
    0.33697E-01    0.27899E+01
    0.34378E-01    0.27457E+01
    0.35072E-01    0.27013E+01
    0.35781E-01    0.26569E+01
    0.36504E-01    0.26126E+01
    0.37241E-01    0.25684E+01
    0.37993E-01    0.25246E+01
    0.38761E-01    0.24813E+01
    0.39544E-01    0.24386E+01
    0.40343E-01    0.23966E+01
    0.41158E-01    0.23553E+01
    0.41989E-01    0.23149E+01
    0.42838E-01    0.22755E+01
    0.43703E-01    0.22372E+01
    0.44586E-01    0.22000E+01
    0.45486E-01    0.21639E+01
    0.46405E-01    0.21291E+01
    0.47343E-01    0.20955E+01
    0.48299E-01    0.20631E+01
    0.49275E-01    0.20320E+01
    0.50270E-01    0.20021E+01
    0.51286E-01    0.19734E+01
    0.52322E-01    0.19458E+01
    0.53379E-01    0.19192E+01
    0.54457E-01    0.18935E+01
    0.55557E-01    0.18686E+01
    0.56680E-01    0.18443E+01
    0.57825E-01    0.18205E+01
    0.58993E-01    0.17969E+01
    0.60184E-01    0.17735E+01
    0.61400E-01    0.17500E+01
    0.62641E-01    0.17262E+01
    0.63906E-01    0.17019E+01
    0.65197E-01    0.16768E+01
    0.66514E-01    0.16508E+01
    0.67858E-01    0.16237E+01
    0.69229E-01    0.15954E+01
    0.70627E-01    0.15657E+01
    0.72054E-01    0.15345E+01
    0.73510E-01    0.15017E+01
    0.74994E-01    0.14675E+01
    0.76509E-01    0.14318E+01
    0.78055E-01    0.13947E+01
    0.79632E-01    0.13565E+01
    0.81241E-01    0.13172E+01
    0.82882E-01    0.12773E+01
    0.84556E-01    0.12370E+01
    0.86264E-01    0.11966E+01
    0.88007E-01    0.11565E+01
    0.89785E-01    0.11171E+01
    0.91598E-01    0.10788E+01
    0.93449E-01    0.10420E+01
    0.95337E-01    0.10068E+01
    0.97263E-01    0.97370E+00
    0.99227E-01    0.94283E+00
    0.10123E+00    0.91433E+00
    0.10328E+00    0.88829E+00
    0.10536E+00    0.86469E+00
    0.10749E+00    0.84342E+00
    0.10966E+00    0.82428E+00
    0.11188E+00    0.80701E+00
    0.11414E+00    0.79125E+00
    0.11644E+00    0.77657E+00
    0.11880E+00    0.76252E+00
    0.12120E+00    0.74860E+00
    0.12365E+00    0.73433E+00
    0.12614E+00    0.71928E+00
    0.12869E+00    0.70307E+00
    0.13129E+00    0.68545E+00
    0.13394E+00    0.66629E+00
    0.13665E+00    0.64560E+00
    0.13941E+00    0.62357E+00
    0.14223E+00    0.60053E+00
    0.14510E+00    0.57691E+00
    0.14803E+00    0.55325E+00
    0.15102E+00    0.53009E+00
    0.15407E+00    0.50797E+00
    0.15718E+00    0.48736E+00
    0.16036E+00    0.46860E+00
    0.16360E+00    0.45189E+00
    0.16690E+00    0.43727E+00
    0.17028E+00    0.42459E+00
    0.17371E+00    0.41356E+00
    0.17722E+00    0.40373E+00
    0.18080E+00    0.39458E+00
    0.18446E+00    0.38555E+00
    0.18818E+00    0.37614E+00
    0.19198E+00    0.36592E+00
    0.19586E+00    0.35469E+00
    0.19982E+00    0.34239E+00
    0.20386E+00    0.32924E+00
    0.20797E+00    0.31559E+00
    0.21218E+00    0.30193E+00
    0.21646E+00    0.28876E+00
    0.22083E+00    0.27652E+00
    0.22530E+00    0.26553E+00
    0.22985E+00    0.25589E+00
    0.23449E+00    0.24752E+00
    0.23923E+00    0.24014E+00
    0.24406E+00    0.23337E+00
    0.24899E+00    0.22677E+00
    0.25402E+00    0.21994E+00
    0.25915E+00    0.21264E+00
    0.26439E+00    0.20481E+00
    0.26973E+00    0.19659E+00
    0.27518E+00    0.18827E+00
    0.28074E+00    0.18019E+00
    0.28641E+00    0.17266E+00
    0.29219E+00    0.16587E+00
    0.29810E+00    0.15983E+00
    0.30412E+00    0.15439E+00
    0.31026E+00    0.14931E+00
    0.31653E+00    0.14431E+00
    0.32292E+00    0.13918E+00
    0.32945E+00    0.13386E+00
    0.33610E+00    0.12843E+00
    0.34289E+00    0.12305E+00
    0.34982E+00    0.11793E+00
    0.35689E+00    0.11319E+00
    0.36409E+00    0.10886E+00
    0.37145E+00    0.10485E+00
    0.37895E+00    0.10102E+00
    0.38661E+00    0.97225E-01
    0.39442E+00    0.93413E-01
    0.40239E+00    0.89606E-01
    0.41052E+00    0.85891E-01
    0.41881E+00    0.82361E-01
    0.42727E+00    0.79059E-01
    0.43590E+00    0.75963E-01
    0.44471E+00    0.73007E-01
    0.45369E+00    0.70122E-01
    0.46286E+00    0.67280E-01
    0.47221E+00    0.64502E-01
    0.48174E+00    0.61829E-01
    0.49148E+00    0.59291E-01
    0.50141E+00    0.56886E-01
    0.51153E+00    0.54583E-01
    0.52187E+00    0.52353E-01
    0.53241E+00    0.50184E-01
    0.54317E+00    0.48089E-01
    0.55414E+00    0.46082E-01
    0.56533E+00    0.44167E-01
    0.57675E+00    0.42333E-01
    0.58840E+00    0.40567E-01
    0.60029E+00    0.38862E-01
    0.61242E+00    0.37221E-01
    0.62479E+00    0.35648E-01
    0.63741E+00    0.34143E-01
    0.65029E+00    0.32698E-01
    0.66342E+00    0.31308E-01
    0.67683E+00    0.29973E-01
    0.69050E+00    0.28691E-01
    0.70445E+00    0.27462E-01
    0.71868E+00    0.26283E-01
    0.73320E+00    0.25153E-01
    0.74801E+00    0.24069E-01
    0.76312E+00    0.23029E-01
    0.77854E+00    0.22031E-01
    0.79426E+00    0.21075E-01
    0.81031E+00    0.20158E-01
    0.82668E+00    0.19278E-01
    0.84338E+00    0.18436E-01
    0.86041E+00    0.17628E-01
    0.87780E+00    0.16854E-01
    0.89553E+00    0.16113E-01
    0.91362E+00    0.15403E-01
    0.93208E+00    0.14722E-01
    0.95091E+00    0.14071E-01
    0.97011E+00    0.13447E-01
    0.98971E+00    0.12850E-01
    0.10097E+01    0.12278E-01
    0.10301E+01    0.11730E-01
    0.10509E+01    0.11206E-01
    0.10721E+01    0.10704E-01
    0.10938E+01    0.10224E-01
    0.11159E+01    0.97644E-02
    0.11384E+01    0.93248E-02
    0.11614E+01    0.89043E-02
    0.11849E+01    0.85020E-02
    0.12088E+01    0.81172E-02
    0.12333E+01    0.77492E-02
    0.12582E+01    0.73972E-02
    0.12836E+01    0.70607E-02
    0.13095E+01    0.67389E-02
    0.13360E+01    0.64312E-02
    0.13630E+01    0.61372E-02
    0.13905E+01    0.58561E-02
    0.14186E+01    0.55875E-02
    0.14472E+01    0.53308E-02
    0.14765E+01    0.50855E-02
    0.15063E+01    0.48511E-02
    0.15367E+01    0.46272E-02
    0.15678E+01    0.44133E-02
    0.15994E+01    0.42089E-02
    0.16318E+01    0.40138E-02
    0.16647E+01    0.38274E-02
    0.16984E+01    0.36494E-02
    0.17327E+01    0.34794E-02
    0.17677E+01    0.33171E-02
    0.18034E+01    0.31622E-02
    0.18398E+01    0.30143E-02
    0.18770E+01    0.28731E-02
    0.19149E+01    0.27384E-02
    0.19536E+01    0.26098E-02
    0.19930E+01    0.24870E-02
    0.20333E+01    0.23699E-02
    0.20744E+01    0.22582E-02
    0.21163E+01    0.21516E-02
    0.21590E+01    0.20498E-02
    0.22026E+01    0.19528E-02
    0.22471E+01    0.18603E-02
    0.22925E+01    0.17720E-02
    0.23388E+01    0.16878E-02
    0.23861E+01    0.16075E-02
    0.24343E+01    0.15309E-02
    0.24835E+01    0.14579E-02
    0.25336E+01    0.13883E-02
    0.25848E+01    0.13220E-02
    0.26370E+01    0.12587E-02
    0.26903E+01    0.11984E-02
    0.27447E+01    0.11409E-02
    0.28001E+01    0.10861E-02
    0.28567E+01    0.10339E-02
    0.29144E+01    0.98416E-03
    0.29733E+01    0.93674E-03
    0.30333E+01    0.89156E-03
    0.30946E+01    0.84851E-03
    0.31571E+01    0.80750E-03
    0.32209E+01    0.76842E-03
    0.32860E+01    0.73120E-03
    0.33523E+01    0.69575E-03
    0.34201E+01    0.66198E-03
    0.34892E+01    0.62981E-03
    0.35596E+01    0.59918E-03
    0.36316E+01    0.57001E-03
    0.37049E+01    0.54223E-03
    0.37798E+01    0.51578E-03
    0.38561E+01    0.49059E-03
    0.39340E+01    0.46661E-03
    0.40135E+01    0.44378E-03
    0.40946E+01    0.42205E-03
    0.41773E+01    0.40136E-03
    0.42617E+01    0.38167E-03
    0.43478E+01    0.36293E-03
    0.44356E+01    0.34509E-03
    0.45252E+01    0.32811E-03
    0.46166E+01    0.31196E-03
    0.47099E+01    0.29658E-03
    0.48050E+01    0.28195E-03
    0.49021E+01    0.26803E-03
    0.50011E+01    0.25479E-03
    0.51021E+01    0.24219E-03
    0.52052E+01    0.23020E-03
    0.53104E+01    0.21879E-03
    0.54176E+01    0.20795E-03
    0.55271E+01    0.19763E-03
    0.56387E+01    0.18781E-03
    0.57526E+01    0.17848E-03
    0.58689E+01    0.16960E-03
    0.59874E+01    0.16116E-03
    0.61084E+01    0.15313E-03
    0.62318E+01    0.14549E-03
    0.63577E+01    0.13823E-03
    0.64861E+01    0.13133E-03
    0.66171E+01    0.12476E-03
    0.67508E+01    0.11852E-03
    0.68872E+01    0.11259E-03
    0.70263E+01    0.10695E-03
    0.71682E+01    0.10159E-03
    0.73130E+01    0.96493E-04
    0.74608E+01    0.91649E-04
    0.76115E+01    0.87045E-04
    0.77653E+01    0.82669E-04
    0.79221E+01    0.78509E-04
    0.80822E+01    0.74557E-04
    0.82454E+01    0.70801E-04
    0.84120E+01    0.67231E-04
    0.85819E+01    0.63839E-04
    0.87553E+01    0.60616E-04
    0.89322E+01    0.57554E-04
    0.91126E+01    0.54644E-04
    0.92967E+01    0.51880E-04
    0.94845E+01    0.49254E-04
    0.96761E+01    0.46759E-04
    0.98716E+01    0.44389E-04
    0.10071E+02    0.42137E-04
    0.10274E+02    0.39999E-04
    0.10482E+02    0.37967E-04
    0.10694E+02    0.36038E-04
    0.10910E+02    0.34205E-04
    0.11130E+02    0.32465E-04
    0.11355E+02    0.30812E-04
    0.11584E+02    0.29243E-04
    0.11818E+02    0.27752E-04
    0.12057E+02    0.26336E-04
    0.12301E+02    0.24992E-04
    0.12549E+02    0.23716E-04
    0.12803E+02    0.22504E-04
    0.13061E+02    0.21354E-04
    0.13325E+02    0.20261E-04
    0.13594E+02    0.19224E-04
    0.13869E+02    0.18240E-04
    0.14149E+02    0.17305E-04
    0.14435E+02    0.16418E-04
    0.14727E+02    0.15576E-04
    0.15024E+02    0.14776E-04
    0.15328E+02    0.14017E-04
    0.15637E+02    0.13297E-04
    0.15953E+02    0.12613E-04
    0.16275E+02    0.11964E-04
    0.16604E+02    0.11349E-04
    0.16940E+02    0.10764E-04
    0.17282E+02    0.10210E-04
    0.17631E+02    0.96833E-05
    0.17987E+02    0.91838E-05
    0.18351E+02    0.87099E-05
    0.18721E+02    0.82602E-05
    0.19099E+02    0.78335E-05
    0.19485E+02    0.74287E-05
    0.19879E+02    0.70445E-05
    0.20280E+02    0.66801E-05
    0.20690E+02    0.63343E-05
    0.21108E+02    0.60063E-05
    0.21535E+02    0.56951E-05
    0.21970E+02    0.53999E-05
    0.22413E+02    0.51198E-05
    0.22866E+02    0.48542E-05
    0.23328E+02    0.46022E-05
    0.23799E+02    0.43631E-05
    0.24280E+02    0.41364E-05
    0.24771E+02    0.39214E-05
    0.25271E+02    0.37174E-05
    0.25782E+02    0.35240E-05
    0.26302E+02    0.33406E-05
    0.26834E+02    0.31666E-05
    0.27376E+02    0.30016E-05
    0.27929E+02    0.28451E-05
    0.28493E+02    0.26967E-05
    0.29069E+02    0.25560E-05
    0.29656E+02    0.24226E-05
    0.30255E+02    0.22961E-05
    0.30866E+02    0.21761E-05
    0.31490E+02    0.20624E-05
    0.32126E+02    0.19545E-05
    0.32775E+02    0.18523E-05
    0.33437E+02    0.17554E-05
    0.34112E+02    0.16635E-05
    0.34801E+02    0.15763E-05
    0.35504E+02    0.14937E-05
    0.36222E+02    0.14154E-05
    0.36953E+02    0.13412E-05
    0.37700E+02    0.12708E-05
    0.38462E+02    0.12041E-05
    0.39239E+02    0.11409E-05
    0.40031E+02    0.10809E-05
    0.40840E+02    0.10241E-05
    0.41665E+02    0.97028E-06
    0.42507E+02    0.91924E-06
    0.43365E+02    0.87087E-06
    0.44241E+02    0.82503E-06
    0.45135E+02    0.78158E-06
    0.46047E+02    0.74041E-06
    0.46977E+02    0.70138E-06
    0.47926E+02    0.66440E-06
    0.48894E+02    0.62936E-06
    0.49882E+02    0.59615E-06
    0.50890E+02    0.56468E-06
    0.51918E+02    0.53486E-06
    0.52966E+02    0.50660E-06
    0.54036E+02    0.47983E-06
    0.55128E+02    0.45446E-06
    0.56242E+02    0.43042E-06
    0.57378E+02    0.40765E-06
    0.58537E+02    0.38607E-06
    0.59720E+02    0.36562E-06
    0.60926E+02    0.34625E-06
    0.62157E+02    0.32790E-06
    0.63412E+02    0.31052E-06
    0.64693E+02    0.29405E-06
    0.66000E+02    0.27845E-06
    0.67334E+02    0.26367E-06
    0.68694E+02    0.24967E-06
    0.70082E+02    0.23641E-06
    0.71497E+02    0.22384E-06
    0.72942E+02    0.21194E-06
    0.74415E+02    0.20067E-06
    0.75918E+02    0.19000E-06
    0.77452E+02    0.17988E-06
    0.79017E+02    0.17031E-06
    0.80613E+02    0.16123E-06
    0.82241E+02    0.15264E-06
    0.83903E+02    0.14450E-06
    0.85598E+02    0.13680E-06
    0.87327E+02    0.12950E-06
    0.89091E+02    0.12259E-06
    0.90891E+02    0.11604E-06
    0.92727E+02    0.10984E-06
    0.94600E+02    0.10397E-06
    0.96511E+02    0.98415E-07
    0.98461E+02    0.93152E-07
    0.10045E+03    0.88168E-07
    0.10248E+03    0.83448E-07
    0.10455E+03    0.78979E-07
    0.10666E+03    0.74748E-07
    0.10882E+03    0.70742E-07
    0.11101E+03    0.66948E-07
    0.11326E+03    0.63357E-07
    0.11554E+03    0.59957E-07
    0.11788E+03    0.56737E-07
    0.12026E+03    0.53690E-07
    0.12269E+03    0.50804E-07
    0.12517E+03    0.48073E-07
    0.12770E+03    0.45487E-07
    0.13028E+03    0.43039E-07
    0.13291E+03    0.40721E-07
    0.13559E+03    0.38527E-07
    0.13833E+03    0.36451E-07
    0.14113E+03    0.34485E-07
    0.14398E+03    0.32625E-07
    0.14689E+03    0.30863E-07
    0.14985E+03    0.29197E-07
    0.15288E+03    0.27619E-07
    0.15597E+03    0.26125E-07
    0.15912E+03    0.24712E-07
    0.16233E+03    0.23374E-07
    0.16561E+03    0.22108E-07
    0.16896E+03    0.20910E-07
    0.17237E+03    0.19776E-07
    0.17585E+03    0.18703E-07
    0.17941E+03    0.17688E-07
    0.18303E+03    0.16727E-07
    0.18673E+03    0.15818E-07
    0.19050E+03    0.14957E-07
    0.19435E+03    0.14143E-07
    0.19828E+03    0.13373E-07
    0.20228E+03    0.12644E-07
    0.20637E+03    0.11954E-07
    0.21054E+03    0.11302E-07
    0.21479E+03    0.10684E-07
    0.21913E+03    0.10100E-07
    0.22356E+03    0.95477E-08
    0.22807E+03    0.90249E-08
    0.23268E+03    0.85304E-08
    0.23738E+03    0.80626E-08
    0.24217E+03    0.76200E-08
    0.24707E+03    0.72014E-08
    0.25206E+03    0.68055E-08
    0.25715E+03    0.64309E-08
    0.26234E+03    0.60767E-08
    0.26764E+03    0.57417E-08
    0.27305E+03    0.54248E-08
    0.27857E+03    0.51251E-08
    0.28419E+03    0.48417E-08
    0.28994E+03    0.45737E-08
    0.29579E+03    0.43203E-08
    0.30177E+03    0.40807E-08
    0.30786E+03    0.38541E-08
    0.31408E+03    0.36398E-08
    0.32043E+03    0.34373E-08
    0.32690E+03    0.32458E-08
    0.33351E+03    0.30647E-08
    0.34024E+03    0.28936E-08
    0.34712E+03    0.27318E-08
    0.35413E+03    0.25789E-08
    0.36128E+03    0.24343E-08
    0.36858E+03    0.22977E-08
    0.37603E+03    0.21686E-08
    0.38362E+03    0.20466E-08
    0.39137E+03    0.19313E-08
    0.39928E+03    0.18224E-08
    0.40734E+03    0.17194E-08
    0.41557E+03    0.16222E-08
    0.42397E+03    0.15303E-08
    0.43253E+03    0.14435E-08
    0.44127E+03    0.13615E-08
    0.45019E+03    0.12841E-08
    0.45928E+03    0.12110E-08
    0.46856E+03    0.11419E-08
    0.47802E+03    0.10766E-08
    0.48768E+03    0.10150E-08
    0.49753E+03    0.95691E-09
