#           k/h    P           
    0.10000E-03    0.22321E+00
    0.10202E-03    0.22758E+00
    0.10408E-03    0.23204E+00
    0.10618E-03    0.23658E+00
    0.10833E-03    0.24121E+00
    0.11052E-03    0.24594E+00
    0.11275E-03    0.25076E+00
    0.11503E-03    0.25567E+00
    0.11735E-03    0.26068E+00
    0.11972E-03    0.26578E+00
    0.12214E-03    0.27099E+00
    0.12461E-03    0.27629E+00
    0.12712E-03    0.28171E+00
    0.12969E-03    0.28722E+00
    0.13231E-03    0.29285E+00
    0.13499E-03    0.29858E+00
    0.13771E-03    0.30443E+00
    0.14049E-03    0.31039E+00
    0.14333E-03    0.31647E+00
    0.14623E-03    0.32267E+00
    0.14918E-03    0.32899E+00
    0.15220E-03    0.33543E+00
    0.15527E-03    0.34200E+00
    0.15841E-03    0.34870E+00
    0.16161E-03    0.35553E+00
    0.16487E-03    0.36249E+00
    0.16820E-03    0.36959E+00
    0.17160E-03    0.37682E+00
    0.17507E-03    0.38420E+00
    0.17860E-03    0.39173E+00
    0.18221E-03    0.39940E+00
    0.18589E-03    0.40722E+00
    0.18965E-03    0.41519E+00
    0.19348E-03    0.42332E+00
    0.19739E-03    0.43161E+00
    0.20138E-03    0.44006E+00
    0.20544E-03    0.44867E+00
    0.20959E-03    0.45746E+00
    0.21383E-03    0.46642E+00
    0.21815E-03    0.47555E+00
    0.22255E-03    0.48486E+00
    0.22705E-03    0.49435E+00
    0.23164E-03    0.50403E+00
    0.23632E-03    0.51389E+00
    0.24109E-03    0.52395E+00
    0.24596E-03    0.53421E+00
    0.25093E-03    0.54466E+00
    0.25600E-03    0.55532E+00
    0.26117E-03    0.56619E+00
    0.26645E-03    0.57727E+00
    0.27183E-03    0.58857E+00
    0.27732E-03    0.60009E+00
    0.28292E-03    0.61183E+00
    0.28864E-03    0.62381E+00
    0.29447E-03    0.63601E+00
    0.30042E-03    0.64846E+00
    0.30649E-03    0.66115E+00
    0.31268E-03    0.67408E+00
    0.31899E-03    0.68727E+00
    0.32544E-03    0.70071E+00
    0.33201E-03    0.71442E+00
    0.33872E-03    0.72840E+00
    0.34556E-03    0.74264E+00
    0.35254E-03    0.75717E+00
    0.35966E-03    0.77198E+00
    0.36693E-03    0.78707E+00
    0.37434E-03    0.80246E+00
    0.38190E-03    0.81815E+00
    0.38962E-03    0.83415E+00
    0.39749E-03    0.85046E+00
    0.40552E-03    0.86708E+00
    0.41371E-03    0.88403E+00
    0.42207E-03    0.90131E+00
    0.43060E-03    0.91893E+00
    0.43929E-03    0.93688E+00
    0.44817E-03    0.95519E+00
    0.45722E-03    0.97385E+00
    0.46646E-03    0.99287E+00
    0.47588E-03    0.10123E+01
    0.48550E-03    0.10320E+01
    0.49530E-03    0.10522E+01
    0.50531E-03    0.10727E+01
    0.51552E-03    0.10937E+01
    0.52593E-03    0.11150E+01
    0.53656E-03    0.11368E+01
    0.54739E-03    0.11590E+01
    0.55845E-03    0.11816E+01
    0.56973E-03    0.12046E+01
    0.58124E-03    0.12281E+01
    0.59299E-03    0.12521E+01
    0.60496E-03    0.12765E+01
    0.61719E-03    0.13014E+01
    0.62965E-03    0.13268E+01
    0.64237E-03    0.13526E+01
    0.65535E-03    0.13790E+01
    0.66859E-03    0.14058E+01
    0.68210E-03    0.14332E+01
    0.69588E-03    0.14611E+01
    0.70993E-03    0.14895E+01
    0.72427E-03    0.15185E+01
    0.73891E-03    0.15481E+01
    0.75383E-03    0.15782E+01
    0.76906E-03    0.16089E+01
    0.78460E-03    0.16401E+01
    0.80045E-03    0.16720E+01
    0.81662E-03    0.17045E+01
    0.83311E-03    0.17376E+01
    0.84994E-03    0.17713E+01
    0.86711E-03    0.18057E+01
    0.88463E-03    0.18407E+01
    0.90250E-03    0.18764E+01
    0.92073E-03    0.19128E+01
    0.93933E-03    0.19498E+01
    0.95831E-03    0.19876E+01
    0.97767E-03    0.20260E+01
    0.99742E-03    0.20652E+01
    0.10176E-02    0.21052E+01
    0.10381E-02    0.21458E+01
    0.10591E-02    0.21873E+01
    0.10805E-02    0.22295E+01
    0.11023E-02    0.22725E+01
    0.11246E-02    0.23163E+01
    0.11473E-02    0.23610E+01
    0.11705E-02    0.24064E+01
    0.11941E-02    0.24527E+01
    0.12182E-02    0.24999E+01
    0.12429E-02    0.25479E+01
    0.12680E-02    0.25968E+01
    0.12936E-02    0.26467E+01
    0.13197E-02    0.26974E+01
    0.13464E-02    0.27490E+01
    0.13736E-02    0.28016E+01
    0.14013E-02    0.28552E+01
    0.14296E-02    0.29097E+01
    0.14585E-02    0.29652E+01
    0.14880E-02    0.30217E+01
    0.15180E-02    0.30793E+01
    0.15487E-02    0.31378E+01
    0.15800E-02    0.31974E+01
    0.16119E-02    0.32581E+01
    0.16445E-02    0.33198E+01
    0.16777E-02    0.33826E+01
    0.17116E-02    0.34465E+01
    0.17462E-02    0.35115E+01
    0.17814E-02    0.35777E+01
    0.18174E-02    0.36450E+01
    0.18541E-02    0.37134E+01
    0.18916E-02    0.37830E+01
    0.19298E-02    0.38538E+01
    0.19688E-02    0.39258E+01
    0.20086E-02    0.39990E+01
    0.20491E-02    0.40735E+01
    0.20905E-02    0.41491E+01
    0.21328E-02    0.42260E+01
    0.21758E-02    0.43042E+01
    0.22198E-02    0.43836E+01
    0.22646E-02    0.44644E+01
    0.23104E-02    0.45464E+01
    0.23571E-02    0.46297E+01
    0.24047E-02    0.47143E+01
    0.24533E-02    0.48002E+01
    0.25028E-02    0.48875E+01
    0.25534E-02    0.49761E+01
    0.26050E-02    0.50660E+01
    0.26576E-02    0.51573E+01
    0.27113E-02    0.52500E+01
    0.27660E-02    0.53440E+01
    0.28219E-02    0.54393E+01
    0.28789E-02    0.55361E+01
    0.29371E-02    0.56341E+01
    0.29964E-02    0.57336E+01
    0.30569E-02    0.58344E+01
    0.31187E-02    0.59366E+01
    0.31817E-02    0.60402E+01
    0.32460E-02    0.61451E+01
    0.33115E-02    0.62514E+01
    0.33784E-02    0.63591E+01
    0.34467E-02    0.64680E+01
    0.35163E-02    0.65784E+01
    0.35874E-02    0.66900E+01
    0.36598E-02    0.68030E+01
    0.37338E-02    0.69173E+01
    0.38092E-02    0.70329E+01
    0.38861E-02    0.71498E+01
    0.39646E-02    0.72679E+01
    0.40447E-02    0.73874E+01
    0.41264E-02    0.75080E+01
    0.42098E-02    0.76299E+01
    0.42948E-02    0.77529E+01
    0.43816E-02    0.78772E+01
    0.44701E-02    0.80026E+01
    0.45604E-02    0.81291E+01
    0.46525E-02    0.82568E+01
    0.47465E-02    0.83855E+01
    0.48424E-02    0.85153E+01
    0.49402E-02    0.86461E+01
    0.50400E-02    0.87779E+01
    0.51419E-02    0.89107E+01
    0.52457E-02    0.90444E+01
    0.53517E-02    0.91791E+01
    0.54598E-02    0.93145E+01
    0.55701E-02    0.94509E+01
    0.56826E-02    0.95880E+01
    0.57974E-02    0.97258E+01
    0.59145E-02    0.98644E+01
    0.60340E-02    0.10004E+02
    0.61559E-02    0.10144E+02
    0.62803E-02    0.10284E+02
    0.64072E-02    0.10425E+02
    0.65366E-02    0.10566E+02
    0.66686E-02    0.10708E+02
    0.68033E-02    0.10851E+02
    0.69408E-02    0.10993E+02
    0.70810E-02    0.11136E+02
    0.72240E-02    0.11279E+02
    0.73700E-02    0.11422E+02
    0.75189E-02    0.11566E+02
    0.76708E-02    0.11709E+02
    0.78257E-02    0.11852E+02
    0.79838E-02    0.11995E+02
    0.81451E-02    0.12138E+02
    0.83096E-02    0.12280E+02
    0.84775E-02    0.12422E+02
    0.86488E-02    0.12563E+02
    0.88235E-02    0.12704E+02
    0.90017E-02    0.12844E+02
    0.91836E-02    0.12983E+02
    0.93691E-02    0.13122E+02
    0.95583E-02    0.13259E+02
    0.97514E-02    0.13395E+02
    0.99484E-02    0.13529E+02
    0.10149E-01    0.13662E+02
    0.10354E-01    0.13794E+02
    0.10564E-01    0.13923E+02
    0.10777E-01    0.14051E+02
    0.10995E-01    0.14177E+02
    0.11217E-01    0.14301E+02
    0.11443E-01    0.14422E+02
    0.11675E-01    0.14541E+02
    0.11910E-01    0.14657E+02
    0.12151E-01    0.14771E+02
    0.12397E-01    0.14882E+02
    0.12647E-01    0.14989E+02
    0.12902E-01    0.15094E+02
    0.13163E-01    0.15195E+02
    0.13429E-01    0.15293E+02
    0.13700E-01    0.15387E+02
    0.13977E-01    0.15477E+02
    0.14259E-01    0.15563E+02
    0.14547E-01    0.15645E+02
    0.14841E-01    0.15723E+02
    0.15141E-01    0.15796E+02
    0.15447E-01    0.15864E+02
    0.15759E-01    0.15928E+02
    0.16077E-01    0.15986E+02
    0.16402E-01    0.16039E+02
    0.16734E-01    0.16087E+02
    0.17072E-01    0.16129E+02
    0.17416E-01    0.16166E+02
    0.17768E-01    0.16196E+02
    0.18127E-01    0.16221E+02
    0.18493E-01    0.16239E+02
    0.18867E-01    0.16251E+02
    0.19248E-01    0.16256E+02
    0.19637E-01    0.16255E+02
    0.20034E-01    0.16246E+02
    0.20438E-01    0.16231E+02
    0.20851E-01    0.16210E+02
    0.21272E-01    0.16181E+02
    0.21702E-01    0.16144E+02
    0.22141E-01    0.16101E+02
    0.22588E-01    0.16051E+02
    0.23044E-01    0.15993E+02
    0.23510E-01    0.15928E+02
    0.23985E-01    0.15855E+02
    0.24469E-01    0.15776E+02
    0.24964E-01    0.15689E+02
    0.25468E-01    0.15595E+02
    0.25982E-01    0.15494E+02
    0.26507E-01    0.15386E+02
    0.27043E-01    0.15272E+02
    0.27589E-01    0.15150E+02
    0.28146E-01    0.15023E+02
    0.28715E-01    0.14889E+02
    0.29295E-01    0.14749E+02
    0.29887E-01    0.14604E+02
    0.30490E-01    0.14453E+02
    0.31106E-01    0.14298E+02
    0.31735E-01    0.14138E+02
    0.32376E-01    0.13974E+02
    0.33030E-01    0.13805E+02
    0.33697E-01    0.13634E+02
    0.34378E-01    0.13459E+02
    0.35072E-01    0.13282E+02
    0.35781E-01    0.13103E+02
    0.36504E-01    0.12922E+02
    0.37241E-01    0.12741E+02
    0.37993E-01    0.12559E+02
    0.38761E-01    0.12377E+02
    0.39544E-01    0.12195E+02
    0.40343E-01    0.12015E+02
    0.41158E-01    0.11835E+02
    0.41989E-01    0.11658E+02
    0.42838E-01    0.11484E+02
    0.43703E-01    0.11312E+02
    0.44586E-01    0.11143E+02
    0.45486E-01    0.10978E+02
    0.46405E-01    0.10817E+02
    0.47343E-01    0.10660E+02
    0.48299E-01    0.10507E+02
    0.49275E-01    0.10359E+02
    0.50270E-01    0.10215E+02
    0.51286E-01    0.10075E+02
    0.52322E-01    0.99399E+01
    0.53379E-01    0.98088E+01
    0.54457E-01    0.96816E+01
    0.55557E-01    0.95579E+01
    0.56680E-01    0.94373E+01
    0.57825E-01    0.93193E+01
    0.58993E-01    0.92034E+01
    0.60184E-01    0.90888E+01
    0.61400E-01    0.89748E+01
    0.62641E-01    0.88606E+01
    0.63906E-01    0.87454E+01
    0.65197E-01    0.86284E+01
    0.66514E-01    0.85087E+01
    0.67858E-01    0.83855E+01
    0.69229E-01    0.82580E+01
    0.70627E-01    0.81256E+01
    0.72054E-01    0.79875E+01
    0.73510E-01    0.78434E+01
    0.74994E-01    0.76929E+01
    0.76509E-01    0.75359E+01
    0.78055E-01    0.73724E+01
    0.79632E-01    0.72028E+01
    0.81241E-01    0.70276E+01
    0.82882E-01    0.68476E+01
    0.84556E-01    0.66636E+01
    0.86264E-01    0.64769E+01
    0.88007E-01    0.62888E+01
    0.89785E-01    0.61008E+01
    0.91598E-01    0.59145E+01
    0.93449E-01    0.57315E+01
    0.95337E-01    0.55533E+01
    0.97263E-01    0.53814E+01
    0.99227E-01    0.52173E+01
    0.10123E+00    0.50619E+01
    0.10328E+00    0.49161E+01
    0.10536E+00    0.47806E+01
    0.10749E+00    0.46556E+01
    0.10966E+00    0.45408E+01
    0.11188E+00    0.44358E+01
    0.11414E+00    0.43395E+01
    0.11644E+00    0.42509E+01
    0.11880E+00    0.41681E+01
    0.12120E+00    0.40894E+01
    0.12365E+00    0.40127E+01
    0.12614E+00    0.39360E+01
    0.12869E+00    0.38572E+01
    0.13129E+00    0.37747E+01
    0.13394E+00    0.36868E+01
    0.13665E+00    0.35928E+01
    0.13941E+00    0.34924E+01
    0.14223E+00    0.33858E+01
    0.14510E+00    0.32740E+01
    0.14803E+00    0.31586E+01
    0.15102E+00    0.30417E+01
    0.15407E+00    0.29256E+01
    0.15718E+00    0.28127E+01
    0.16036E+00    0.27053E+01
    0.16360E+00    0.26051E+01
    0.16690E+00    0.25136E+01
    0.17028E+00    0.24313E+01
    0.17371E+00    0.23582E+01
    0.17722E+00    0.22933E+01
    0.18080E+00    0.22352E+01
    0.18446E+00    0.21817E+01
    0.18818E+00    0.21305E+01
    0.19198E+00    0.20791E+01
    0.19586E+00    0.20255E+01
    0.19982E+00    0.19681E+01
    0.20386E+00    0.19063E+01
    0.20797E+00    0.18403E+01
    0.21218E+00    0.17712E+01
    0.21646E+00    0.17009E+01
    0.22083E+00    0.16316E+01
    0.22530E+00    0.15654E+01
    0.22985E+00    0.15042E+01
    0.23449E+00    0.14489E+01
    0.23923E+00    0.13997E+01
    0.24406E+00    0.13560E+01
    0.24899E+00    0.13163E+01
    0.25402E+00    0.12788E+01
    0.25915E+00    0.12414E+01
    0.26439E+00    0.12027E+01
    0.26973E+00    0.11619E+01
    0.27518E+00    0.11190E+01
    0.28074E+00    0.10751E+01
    0.28641E+00    0.10314E+01
    0.29219E+00    0.98950E+00
    0.29810E+00    0.95067E+00
    0.30412E+00    0.91542E+00
    0.31026E+00    0.88351E+00
    0.31653E+00    0.85407E+00
    0.32292E+00    0.82589E+00
    0.32945E+00    0.79781E+00
    0.33610E+00    0.76912E+00
    0.34289E+00    0.73978E+00
    0.34982E+00    0.71033E+00
    0.35689E+00    0.68162E+00
    0.36409E+00    0.65448E+00
    0.37145E+00    0.62931E+00
    0.37895E+00    0.60601E+00
    0.38661E+00    0.58405E+00
    0.39442E+00    0.56275E+00
    0.40239E+00    0.54160E+00
    0.41052E+00    0.52048E+00
    0.41881E+00    0.49963E+00
    0.42727E+00    0.47949E+00
    0.43590E+00    0.46041E+00
    0.44471E+00    0.44247E+00
    0.45369E+00    0.42547E+00
    0.46286E+00    0.40906E+00
    0.47221E+00    0.39300E+00
    0.48174E+00    0.37726E+00
    0.49148E+00    0.36196E+00
    0.50141E+00    0.34731E+00
    0.51153E+00    0.33337E+00
    0.52187E+00    0.32008E+00
    0.53241E+00    0.30727E+00
    0.54317E+00    0.29485E+00
    0.55414E+00    0.28280E+00
    0.56533E+00    0.27120E+00
    0.57675E+00    0.26008E+00
    0.58840E+00    0.24945E+00
    0.60029E+00    0.23923E+00
    0.61242E+00    0.22937E+00
    0.62479E+00    0.21986E+00
    0.63741E+00    0.21072E+00
    0.65029E+00    0.20195E+00
    0.66342E+00    0.19354E+00
    0.67683E+00    0.18545E+00
    0.69050E+00    0.17767E+00
    0.70445E+00    0.17019E+00
    0.71868E+00    0.16301E+00
    0.73320E+00    0.15612E+00
    0.74801E+00    0.14950E+00
    0.76312E+00    0.14315E+00
    0.77854E+00    0.13706E+00
    0.79426E+00    0.13121E+00
    0.81031E+00    0.12559E+00
    0.82668E+00    0.12020E+00
    0.84338E+00    0.11503E+00
    0.86041E+00    0.11007E+00
    0.87780E+00    0.10532E+00
    0.89553E+00    0.10076E+00
    0.91362E+00    0.96383E-01
    0.93208E+00    0.92190E-01
    0.95091E+00    0.88171E-01
    0.97011E+00    0.84319E-01
    0.98971E+00    0.80627E-01
    0.10097E+01    0.77090E-01
    0.10301E+01    0.73700E-01
    0.10509E+01    0.70453E-01
    0.10721E+01    0.67342E-01
    0.10938E+01    0.64363E-01
    0.11159E+01    0.61509E-01
    0.11384E+01    0.58777E-01
    0.11614E+01    0.56161E-01
    0.11849E+01    0.53657E-01
    0.12088E+01    0.51260E-01
    0.12333E+01    0.48966E-01
    0.12582E+01    0.46770E-01
    0.12836E+01    0.44669E-01
    0.13095E+01    0.42658E-01
    0.13360E+01    0.40735E-01
    0.13630E+01    0.38894E-01
    0.13905E+01    0.37134E-01
    0.14186E+01    0.35451E-01
    0.14472E+01    0.33841E-01
    0.14765E+01    0.32302E-01
    0.15063E+01    0.30831E-01
    0.15367E+01    0.29423E-01
    0.15678E+01    0.28078E-01
    0.15994E+01    0.26793E-01
    0.16318E+01    0.25564E-01
    0.16647E+01    0.24389E-01
    0.16984E+01    0.23267E-01
    0.17327E+01    0.22195E-01
    0.17677E+01    0.21171E-01
    0.18034E+01    0.20192E-01
    0.18398E+01    0.19258E-01
    0.18770E+01    0.18365E-01
    0.19149E+01    0.17512E-01
    0.19536E+01    0.16698E-01
    0.19930E+01    0.15920E-01
    0.20333E+01    0.15178E-01
    0.20744E+01    0.14469E-01
    0.21163E+01    0.13792E-01
    0.21590E+01    0.13147E-01
    0.22026E+01    0.12530E-01
    0.22471E+01    0.11942E-01
    0.22925E+01    0.11380E-01
    0.23388E+01    0.10844E-01
    0.23861E+01    0.10333E-01
    0.24343E+01    0.98451E-02
    0.24835E+01    0.93798E-02
    0.25336E+01    0.89358E-02
    0.25848E+01    0.85123E-02
    0.26370E+01    0.81084E-02
    0.26903E+01    0.77232E-02
    0.27447E+01    0.73559E-02
    0.28001E+01    0.70056E-02
    0.28567E+01    0.66715E-02
    0.29144E+01    0.63530E-02
    0.29733E+01    0.60494E-02
    0.30333E+01    0.57599E-02
    0.30946E+01    0.54840E-02
    0.31571E+01    0.52210E-02
    0.32209E+01    0.49703E-02
    0.32860E+01    0.47314E-02
    0.33523E+01    0.45037E-02
    0.34201E+01    0.42867E-02
    0.34892E+01    0.40799E-02
    0.35596E+01    0.38829E-02
    0.36316E+01    0.36953E-02
    0.37049E+01    0.35165E-02
    0.37798E+01    0.33462E-02
    0.38561E+01    0.31839E-02
    0.39340E+01    0.30294E-02
    0.40135E+01    0.28822E-02
    0.40946E+01    0.27420E-02
    0.41773E+01    0.26085E-02
    0.42617E+01    0.24814E-02
    0.43478E+01    0.23603E-02
    0.44356E+01    0.22451E-02
    0.45252E+01    0.21354E-02
    0.46166E+01    0.20309E-02
    0.47099E+01    0.19315E-02
    0.48050E+01    0.18368E-02
    0.49021E+01    0.17467E-02
    0.50011E+01    0.16609E-02
    0.51021E+01    0.15793E-02
    0.52052E+01    0.15016E-02
    0.53104E+01    0.14276E-02
    0.54176E+01    0.13573E-02
    0.55271E+01    0.12903E-02
    0.56387E+01    0.12266E-02
    0.57526E+01    0.11660E-02
    0.58689E+01    0.11084E-02
    0.59874E+01    0.10535E-02
    0.61084E+01    0.10013E-02
    0.62318E+01    0.95165E-03
    0.63577E+01    0.90443E-03
    0.64861E+01    0.85952E-03
    0.66171E+01    0.81680E-03
    0.67508E+01    0.77617E-03
    0.68872E+01    0.73753E-03
    0.70263E+01    0.70078E-03
    0.71682E+01    0.66584E-03
    0.73130E+01    0.63261E-03
    0.74608E+01    0.60102E-03
    0.76115E+01    0.57098E-03
    0.77653E+01    0.54242E-03
    0.79221E+01    0.51527E-03
    0.80822E+01    0.48946E-03
    0.82454E+01    0.46493E-03
    0.84120E+01    0.44160E-03
    0.85819E+01    0.41943E-03
    0.87553E+01    0.39836E-03
    0.89322E+01    0.37833E-03
    0.91126E+01    0.35930E-03
    0.92967E+01    0.34121E-03
    0.94845E+01    0.32402E-03
    0.96761E+01    0.30768E-03
    0.98716E+01    0.29216E-03
    0.10071E+02    0.27741E-03
    0.10274E+02    0.26339E-03
    0.10482E+02    0.25008E-03
    0.10694E+02    0.23743E-03
    0.10910E+02    0.22541E-03
    0.11130E+02    0.21399E-03
    0.11355E+02    0.20314E-03
    0.11584E+02    0.19284E-03
    0.11818E+02    0.18305E-03
    0.12057E+02    0.17376E-03
    0.12301E+02    0.16493E-03
    0.12549E+02    0.15654E-03
    0.12803E+02    0.14857E-03
    0.13061E+02    0.14101E-03
    0.13325E+02    0.13383E-03
    0.13594E+02    0.12700E-03
    0.13869E+02    0.12053E-03
    0.14149E+02    0.11438E-03
    0.14435E+02    0.10853E-03
    0.14727E+02    0.10299E-03
    0.15024E+02    0.97723E-04
    0.15328E+02    0.92724E-04
    0.15637E+02    0.87978E-04
    0.15953E+02    0.83472E-04
    0.16275E+02    0.79194E-04
    0.16604E+02    0.75133E-04
    0.16940E+02    0.71279E-04
    0.17282E+02    0.67620E-04
    0.17631E+02    0.64147E-04
    0.17987E+02    0.60850E-04
    0.18351E+02    0.57722E-04
    0.18721E+02    0.54752E-04
    0.19099E+02    0.51934E-04
    0.19485E+02    0.49259E-04
    0.19879E+02    0.46721E-04
    0.20280E+02    0.44313E-04
    0.20690E+02    0.42027E-04
    0.21108E+02    0.39858E-04
    0.21535E+02    0.37800E-04
    0.21970E+02    0.35847E-04
    0.22413E+02    0.33994E-04
    0.22866E+02    0.32236E-04
    0.23328E+02    0.30568E-04
    0.23799E+02    0.28986E-04
    0.24280E+02    0.27485E-04
    0.24771E+02    0.26060E-04
    0.25271E+02    0.24709E-04
    0.25782E+02    0.23428E-04
    0.26302E+02    0.22212E-04
    0.26834E+02    0.21059E-04
    0.27376E+02    0.19965E-04
    0.27929E+02    0.18927E-04
    0.28493E+02    0.17943E-04
    0.29069E+02    0.17010E-04
    0.29656E+02    0.16125E-04
    0.30255E+02    0.15285E-04
    0.30866E+02    0.14489E-04
    0.31490E+02    0.13734E-04
    0.32126E+02    0.13018E-04
    0.32775E+02    0.12339E-04
    0.33437E+02    0.11695E-04
    0.34112E+02    0.11084E-04
    0.34801E+02    0.10505E-04
    0.35504E+02    0.99563E-05
    0.36222E+02    0.94357E-05
    0.36953E+02    0.89422E-05
    0.37700E+02    0.84743E-05
    0.38462E+02    0.80307E-05
    0.39239E+02    0.76101E-05
    0.40031E+02    0.72114E-05
    0.40840E+02    0.68334E-05
    0.41665E+02    0.64750E-05
    0.42507E+02    0.61353E-05
    0.43365E+02    0.58133E-05
    0.44241E+02    0.55080E-05
    0.45135E+02    0.52187E-05
    0.46047E+02    0.49444E-05
    0.46977E+02    0.46845E-05
    0.47926E+02    0.44381E-05
    0.48894E+02    0.42045E-05
    0.49882E+02    0.39832E-05
    0.50890E+02    0.37734E-05
    0.51918E+02    0.35746E-05
    0.52966E+02    0.33862E-05
    0.54036E+02    0.32076E-05
    0.55128E+02    0.30384E-05
    0.56242E+02    0.28781E-05
    0.57378E+02    0.27261E-05
    0.58537E+02    0.25821E-05
    0.59720E+02    0.24457E-05
    0.60926E+02    0.23164E-05
    0.62157E+02    0.21939E-05
    0.63412E+02    0.20778E-05
    0.64693E+02    0.19678E-05
    0.66000E+02    0.18636E-05
    0.67334E+02    0.17649E-05
    0.68694E+02    0.16714E-05
    0.70082E+02    0.15827E-05
    0.71497E+02    0.14988E-05
    0.72942E+02    0.14193E-05
    0.74415E+02    0.13439E-05
    0.75918E+02    0.12725E-05
    0.77452E+02    0.12049E-05
    0.79017E+02    0.11409E-05
    0.80613E+02    0.10802E-05
    0.82241E+02    0.10227E-05
    0.83903E+02    0.96830E-06
    0.85598E+02    0.91674E-06
    0.87327E+02    0.86790E-06
    0.89091E+02    0.82165E-06
    0.90891E+02    0.77784E-06
    0.92727E+02    0.73635E-06
    0.94600E+02    0.69705E-06
    0.96511E+02    0.65983E-06
    0.98461E+02    0.62458E-06
    0.10045E+03    0.59120E-06
    0.10248E+03    0.55959E-06
    0.10455E+03    0.52966E-06
    0.10666E+03    0.50131E-06
    0.10882E+03    0.47447E-06
    0.11101E+03    0.44905E-06
    0.11326E+03    0.42499E-06
    0.11554E+03    0.40220E-06
    0.11788E+03    0.38062E-06
    0.12026E+03    0.36019E-06
    0.12269E+03    0.34084E-06
    0.12517E+03    0.32253E-06
    0.12770E+03    0.30519E-06
    0.13028E+03    0.28877E-06
    0.13291E+03    0.27323E-06
    0.13559E+03    0.25851E-06
    0.13833E+03    0.24458E-06
    0.14113E+03    0.23139E-06
    0.14398E+03    0.21891E-06
    0.14689E+03    0.20709E-06
    0.14985E+03    0.19591E-06
    0.15288E+03    0.18532E-06
    0.15597E+03    0.17530E-06
    0.15912E+03    0.16581E-06
    0.16233E+03    0.15683E-06
    0.16561E+03    0.14834E-06
    0.16896E+03    0.14029E-06
    0.17237E+03    0.13268E-06
    0.17585E+03    0.12548E-06
    0.17941E+03    0.11866E-06
    0.18303E+03    0.11220E-06
    0.18673E+03    0.10610E-06
    0.19050E+03    0.10032E-06
    0.19435E+03    0.94853E-07
    0.19828E+03    0.89679E-07
    0.20228E+03    0.84783E-07
    0.20637E+03    0.80151E-07
    0.21054E+03    0.75768E-07
    0.21479E+03    0.71621E-07
    0.21913E+03    0.67698E-07
    0.22356E+03    0.63986E-07
    0.22807E+03    0.60475E-07
    0.23268E+03    0.57153E-07
    0.23738E+03    0.54010E-07
    0.24217E+03    0.51037E-07
    0.24707E+03    0.48226E-07
    0.25206E+03    0.45566E-07
    0.25715E+03    0.43050E-07
    0.26234E+03    0.40671E-07
    0.26764E+03    0.38421E-07
    0.27305E+03    0.36293E-07
    0.27857E+03    0.34280E-07
    0.28419E+03    0.32377E-07
    0.28994E+03    0.30577E-07
    0.29579E+03    0.28876E-07
    0.30177E+03    0.27267E-07
    0.30786E+03    0.25745E-07
    0.31408E+03    0.24307E-07
    0.32043E+03    0.22948E-07
    0.32690E+03    0.21663E-07
    0.33351E+03    0.20448E-07
    0.34024E+03    0.19300E-07
    0.34712E+03    0.18214E-07
    0.35413E+03    0.17189E-07
    0.36128E+03    0.16219E-07
    0.36858E+03    0.15303E-07
    0.37603E+03    0.14438E-07
    0.38362E+03    0.13620E-07
    0.39137E+03    0.12848E-07
    0.39928E+03    0.12118E-07
    0.40734E+03    0.11429E-07
    0.41557E+03    0.10778E-07
    0.42397E+03    0.10163E-07
    0.43253E+03    0.95819E-08
    0.44127E+03    0.90336E-08
    0.45019E+03    0.85159E-08
    0.45928E+03    0.80272E-08
    0.46856E+03    0.75659E-08
    0.47802E+03    0.71304E-08
    0.48768E+03    0.67193E-08
    0.49753E+03    0.63312E-08
    0.50758E+03    0.59651E-08
    0.51784E+03    0.56199E-08
