1.105044868284189619e+02 3.991324447598205115e-04
1.269363222395963646e+02 nan
1.458115445459978901e+02 4.370769925573990107e-04
1.674934813595646403e+02 nan
1.923994865104585017e+02 nan
2.210089736568379237e+02 5.846872205797550579e-04
2.538726444791927292e+02 nan
2.916230890919958370e+02 7.353745237381526835e-04
3.349869627191292807e+02 1.028811151581122572e-03
3.847989730209170034e+02 9.051136456120306662e-04
4.420179473136758475e+02 1.029626678175240423e-03
5.077452889583856859e+02 1.135736780793988312e-03
5.832461781839919013e+02 1.152578878291427023e-03
6.699739254382589024e+02 1.545685464376037174e-03
7.695979460418340068e+02 1.690182006231981003e-03
8.840358946273516949e+02 1.635652265532957193e-03
1.015490577916771372e+03 1.616073092177983334e-03
1.166492356367983803e+03 1.832779761734743516e-03
1.339947850876517805e+03 1.867827956014621055e-03
1.539195892083668014e+03 2.033796362269581562e-03
1.768071789254703390e+03 2.308391301457733691e-03
2.030981155833541834e+03 2.193600239413696310e-03
2.332984712735966696e+03 2.311919064803791193e-03
2.679895701753035610e+03 2.492833265524399631e-03
3.078391784167336482e+03 2.590299187917855222e-03
3.536143578509407689e+03 2.649665374004266626e-03
4.061962311667085487e+03 2.767363140101328223e-03
4.665969425471935210e+03 2.856215933843425821e-03
5.359791403506071219e+03 2.991408548179568666e-03
6.156783568334672054e+03 3.060516520028790967e-03
7.072287157018813559e+03 3.128597661413943035e-03
8.123924623334170974e+03 3.156575349265083007e-03
9.331938850943870420e+03 3.078970373217017938e-03
1.071958280701214790e+04 3.018850505541153216e-03
1.231356713666934411e+04 2.890914776027844052e-03
1.414457431403762712e+04 2.739776197848643475e-03
1.624784924666834195e+04 2.517519468882679391e-03
1.866387770188774084e+04 2.271028788819349706e-03
2.143916561402428488e+04 1.990948294681768767e-03
2.462713427333868822e+04 1.695561249503588740e-03
2.828914862807525424e+04 1.413750340013133610e-03
3.249569849333668390e+04 1.177762600188729612e-03
3.732775540377548168e+04 1.004077258887199359e-03
4.287833122804856976e+04 9.137475236121377162e-04
4.925426854667737643e+04 9.210712183780611628e-04
5.657829725615052303e+04 1.041347818170573368e-03
6.499139698667336779e+04 1.358574290892512748e-03
7.465551080755097792e+04 2.157184705648635802e-03
8.575666245609715406e+04 5.079194919688161981e-03
9.850853709335475287e+04 1.441333093746358096e-02
