1.105044868284189619e+02 4.082299207116520177e-04
1.269363222395963646e+02 nan
1.458115445459978901e+02 4.459441258439345414e-04
1.674934813595646403e+02 nan
1.923994865104585017e+02 nan
2.210089736568379237e+02 6.001657480003324066e-04
2.538726444791927292e+02 nan
2.916230890919958370e+02 7.489903728846358712e-04
3.349869627191292807e+02 1.055627315176927046e-03
3.847989730209170034e+02 9.293188651768735523e-04
4.420179473136758475e+02 1.055784926385714816e-03
5.077452889583856859e+02 1.166563631712852185e-03
5.832461781839919013e+02 1.185941047312635398e-03
6.699739254382589024e+02 1.593919421438434346e-03
7.695979460418340068e+02 1.743272218243126616e-03
8.840358946273516949e+02 1.694927296101813577e-03
1.015490577916771372e+03 1.670579700468209205e-03
1.166492356367983803e+03 1.890981842720154422e-03
1.339947850876517805e+03 1.928312689030907802e-03
1.539195892083668014e+03 2.101589932309953258e-03
1.768071789254703390e+03 2.400282585765948877e-03
2.030981155833541834e+03 2.273537229377462290e-03
2.332984712735966696e+03 2.412719830886484416e-03
2.679895701753035610e+03 2.595671809592672765e-03
3.078391784167336482e+03 2.710620410739167027e-03
3.536143578509407689e+03 2.775810454735403495e-03
4.061962311667085487e+03 2.901453080054253609e-03
4.665969425471935210e+03 3.000509069745451330e-03
5.359791403506071219e+03 3.138714591154981217e-03
6.156783568334672054e+03 3.212355954090232238e-03
7.072287157018813559e+03 3.282639549271477650e-03
8.123924623334170974e+03 3.320958938486064625e-03
9.331938850943870420e+03 3.245360476314284974e-03
1.071958280701214790e+04 3.182850709555919318e-03
1.231356713666934411e+04 3.051639551978966962e-03
1.414457431403762712e+04 2.886730886506055308e-03
1.624784924666834195e+04 2.651008103160895028e-03
1.866387770188774084e+04 2.391691882284703238e-03
2.143916561402428488e+04 2.095989057733312847e-03
2.462713427333868822e+04 1.784187372921822558e-03
2.828914862807525424e+04 1.481097537162940660e-03
3.249569849333668390e+04 1.231657695131897507e-03
3.732775540377548168e+04 1.040000138851912732e-03
4.287833122804856976e+04 9.396893278234062872e-04
4.925426854667737643e+04 9.393370045149528058e-04
5.657829725615052303e+04 1.053592784118567499e-03
6.499139698667336779e+04 1.371278230748137475e-03
7.465551080755097792e+04 2.175712600845919244e-03
8.575666245609715406e+04 5.095711621547338935e-03
9.850853709335475287e+04 1.410417139108823166e-02
