1.105044868284189477e+02 2.284951492546479206e-04
1.269363222395963504e+02 nan
1.458115445459978901e+02 3.847926715912078962e-04
1.674934813595646688e+02 nan
1.923994865104585017e+02 nan
2.210089736568378953e+02 2.363823538202669094e-04
2.538726444791927577e+02 nan
2.916230890919958370e+02 8.691241502256170839e-04
3.349869627191293375e+02 5.792947472629722582e-04
3.847989730209170034e+02 9.151096135537003552e-04
4.420179473136757906e+02 5.816715985856522582e-04
5.077452889583856290e+02 1.684922389839431942e-03
5.832461781839917876e+02 4.960168721601472194e-04
6.699739254382589024e+02 8.772954955899787185e-04
7.695979460418341205e+02 1.431619461731250317e-03
8.840358946273516949e+02 1.316906703272738071e-03
1.015490577916771258e+03 1.442882335325153861e-03
1.166492356367983575e+03 1.739909396171584457e-03
1.339947850876517805e+03 1.647077309073917764e-03
1.539195892083668241e+03 1.853635488316851977e-03
1.768071789254703390e+03 1.994662029764289902e-03
2.030981155833542061e+03 1.790206329304505455e-03
2.332984712735966696e+03 1.821407483288402501e-03
2.679895701753035610e+03 2.249521910991628907e-03
3.078391784167336937e+03 2.321924222222254870e-03
3.536143578509407689e+03 2.369410053701140068e-03
4.061962311667085032e+03 2.532615865713227880e-03
4.665969425471934301e+03 2.590631753497024681e-03
5.359791403506071219e+03 2.662941832571885832e-03
6.156783568334672964e+03 2.777427750499306645e-03
7.072287157018813559e+03 2.662979923489645646e-03
8.123924623334170064e+03 2.838663252729766318e-03
9.331938850943868601e+03 2.704071464598604112e-03
1.071958280701214608e+04 2.623431235799112294e-03
1.231356713666934593e+04 2.593245721807728270e-03
1.414457431403762530e+04 2.410986650589124185e-03
1.624784924666834013e+04 2.246786912574020006e-03
1.866387770188774084e+04 2.009407600543139470e-03
2.143916561402428488e+04 1.745913231294504145e-03
2.462713427333868822e+04 1.507880599210828163e-03
2.828914862807525424e+04 1.255733812285352025e-03
3.249569849333668026e+04 1.042547365106933840e-03
3.732775540377548168e+04 8.899350229965009807e-04
4.287833122804856976e+04 7.979748887194367066e-04
4.925426854667737643e+04 8.006357518002413720e-04
5.657829725615052303e+04 9.066204157625169877e-04
6.499139698667338234e+04 1.183537158369478036e-03
7.465551080755097792e+04 1.849015042725781757e-03
8.575666245609715406e+04 4.422222107027137111e-03
9.850853709335476742e+04 1.402182052467605688e-02
