1.105044868284189477e+02 3.916823510858969759e-04
1.269363222395963504e+02 nan
1.458115445459978901e+02 2.389655705665918030e-04
1.674934813595646688e+02 nan
1.923994865104585017e+02 nan
2.210089736568378953e+02 4.573651921796538056e-04
2.538726444791927577e+02 nan
2.916230890919958370e+02 4.814326240081272419e-04
3.349869627191293375e+02 1.336495148043914194e-03
3.847989730209170034e+02 1.939041120947723046e-03
4.420179473136757906e+02 1.173799830752518536e-03
5.077452889583856290e+02 9.318457672368708712e-04
5.832461781839917876e+02 6.649682103119044412e-04
6.699739254382589024e+02 1.276577834359285749e-03
7.695979460418341205e+02 1.365891525536669241e-03
8.840358946273516949e+02 1.228551893284082156e-03
1.015490577916771258e+03 1.333847751396108946e-03
1.166492356367983575e+03 1.306913761041789091e-03
1.339947850876517805e+03 1.985708839869903750e-03
1.539195892083668241e+03 2.018099372555515712e-03
1.768071789254703390e+03 1.809402517494204709e-03
2.030981155833542061e+03 2.237070634425798645e-03
2.332984712735966696e+03 2.698239455349598585e-03
2.679895701753035610e+03 2.354615494544418444e-03
3.078391784167336937e+03 2.232566000118281751e-03
3.536143578509407689e+03 2.683705782247267600e-03
4.061962311667085032e+03 2.729029601708803012e-03
4.665969425471934301e+03 2.915286969633079997e-03
5.359791403506071219e+03 2.918232363766677141e-03
6.156783568334672964e+03 3.003594575979136403e-03
7.072287157018813559e+03 3.050336824884191181e-03
8.123924623334170064e+03 3.006679650116374745e-03
9.331938850943868601e+03 2.969796544523389294e-03
1.071958280701214608e+04 3.032749913340958801e-03
1.231356713666934593e+04 2.880031948358500581e-03
1.414457431403762530e+04 2.733285837176305071e-03
1.624784924666834013e+04 2.519199500015750336e-03
1.866387770188774084e+04 2.268141547539277800e-03
2.143916561402428488e+04 1.981422841899678489e-03
2.462713427333868822e+04 1.670491162087489557e-03
2.828914862807525424e+04 1.388635262824359758e-03
3.249569849333668026e+04 1.126101235149241887e-03
3.732775540377548168e+04 9.383638599906462966e-04
4.287833122804856976e+04 8.180327580883133736e-04
4.925426854667737643e+04 7.868748556699129782e-04
5.657829725615052303e+04 8.642515577138890851e-04
6.499139698667338234e+04 1.099152509196195350e-03
7.465551080755097792e+04 1.717830408142738408e-03
8.575666245609715406e+04 3.958861299001292626e-03
9.850853709335476742e+04 1.099800332649070352e-02
