#           k/h    P           
    0.10000E-03    0.71892E-01
    0.10202E-03    0.73300E-01
    0.10408E-03    0.74736E-01
    0.10618E-03    0.76200E-01
    0.10833E-03    0.77692E-01
    0.11052E-03    0.79214E-01
    0.11275E-03    0.80766E-01
    0.11503E-03    0.82347E-01
    0.11735E-03    0.83960E-01
    0.11972E-03    0.85605E-01
    0.12214E-03    0.87281E-01
    0.12461E-03    0.88991E-01
    0.12712E-03    0.90734E-01
    0.12969E-03    0.92511E-01
    0.13231E-03    0.94323E-01
    0.13499E-03    0.96170E-01
    0.13771E-03    0.98053E-01
    0.14049E-03    0.99974E-01
    0.14333E-03    0.10193E+00
    0.14623E-03    0.10393E+00
    0.14918E-03    0.10596E+00
    0.15220E-03    0.10804E+00
    0.15527E-03    0.11015E+00
    0.15841E-03    0.11231E+00
    0.16161E-03    0.11451E+00
    0.16487E-03    0.11675E+00
    0.16820E-03    0.11904E+00
    0.17160E-03    0.12137E+00
    0.17507E-03    0.12375E+00
    0.17860E-03    0.12617E+00
    0.18221E-03    0.12864E+00
    0.18589E-03    0.13116E+00
    0.18965E-03    0.13373E+00
    0.19348E-03    0.13635E+00
    0.19739E-03    0.13902E+00
    0.20138E-03    0.14174E+00
    0.20544E-03    0.14451E+00
    0.20959E-03    0.14734E+00
    0.21383E-03    0.15023E+00
    0.21815E-03    0.15317E+00
    0.22255E-03    0.15617E+00
    0.22705E-03    0.15922E+00
    0.23164E-03    0.16234E+00
    0.23632E-03    0.16552E+00
    0.24109E-03    0.16876E+00
    0.24596E-03    0.17206E+00
    0.25093E-03    0.17543E+00
    0.25600E-03    0.17886E+00
    0.26117E-03    0.18236E+00
    0.26645E-03    0.18593E+00
    0.27183E-03    0.18957E+00
    0.27732E-03    0.19328E+00
    0.28292E-03    0.19706E+00
    0.28864E-03    0.20092E+00
    0.29447E-03    0.20485E+00
    0.30042E-03    0.20886E+00
    0.30649E-03    0.21295E+00
    0.31268E-03    0.21711E+00
    0.31899E-03    0.22136E+00
    0.32544E-03    0.22569E+00
    0.33201E-03    0.23011E+00
    0.33872E-03    0.23461E+00
    0.34556E-03    0.23919E+00
    0.35254E-03    0.24387E+00
    0.35966E-03    0.24864E+00
    0.36693E-03    0.25350E+00
    0.37434E-03    0.25846E+00
    0.38190E-03    0.26352E+00
    0.38962E-03    0.26867E+00
    0.39749E-03    0.27392E+00
    0.40552E-03    0.27927E+00
    0.41371E-03    0.28473E+00
    0.42207E-03    0.29030E+00
    0.43060E-03    0.29597E+00
    0.43929E-03    0.30175E+00
    0.44817E-03    0.30765E+00
    0.45722E-03    0.31366E+00
    0.46646E-03    0.31979E+00
    0.47588E-03    0.32603E+00
    0.48550E-03    0.33240E+00
    0.49530E-03    0.33889E+00
    0.50531E-03    0.34551E+00
    0.51552E-03    0.35226E+00
    0.52593E-03    0.35913E+00
    0.53656E-03    0.36614E+00
    0.54739E-03    0.37329E+00
    0.55845E-03    0.38057E+00
    0.56973E-03    0.38799E+00
    0.58124E-03    0.39556E+00
    0.59299E-03    0.40327E+00
    0.60496E-03    0.41114E+00
    0.61719E-03    0.41915E+00
    0.62965E-03    0.42732E+00
    0.64237E-03    0.43565E+00
    0.65535E-03    0.44413E+00
    0.66859E-03    0.45279E+00
    0.68210E-03    0.46160E+00
    0.69588E-03    0.47059E+00
    0.70993E-03    0.47975E+00
    0.72427E-03    0.48908E+00
    0.73891E-03    0.49860E+00
    0.75383E-03    0.50829E+00
    0.76906E-03    0.51818E+00
    0.78460E-03    0.52825E+00
    0.80045E-03    0.53851E+00
    0.81662E-03    0.54897E+00
    0.83311E-03    0.55963E+00
    0.84994E-03    0.57049E+00
    0.86711E-03    0.58156E+00
    0.88463E-03    0.59284E+00
    0.90250E-03    0.60433E+00
    0.92073E-03    0.61604E+00
    0.93933E-03    0.62797E+00
    0.95831E-03    0.64013E+00
    0.97767E-03    0.65252E+00
    0.99742E-03    0.66514E+00
    0.10176E-02    0.67800E+00
    0.10381E-02    0.69110E+00
    0.10591E-02    0.70444E+00
    0.10805E-02    0.71804E+00
    0.11023E-02    0.73189E+00
    0.11246E-02    0.74599E+00
    0.11473E-02    0.76036E+00
    0.11705E-02    0.77500E+00
    0.11941E-02    0.78991E+00
    0.12182E-02    0.80509E+00
    0.12429E-02    0.82056E+00
    0.12680E-02    0.83631E+00
    0.12936E-02    0.85234E+00
    0.13197E-02    0.86868E+00
    0.13464E-02    0.88530E+00
    0.13736E-02    0.90224E+00
    0.14013E-02    0.91948E+00
    0.14296E-02    0.93703E+00
    0.14585E-02    0.95489E+00
    0.14880E-02    0.97308E+00
    0.15180E-02    0.99160E+00
    0.15487E-02    0.10104E+01
    0.15800E-02    0.10296E+01
    0.16119E-02    0.10491E+01
    0.16445E-02    0.10690E+01
    0.16777E-02    0.10892E+01
    0.17116E-02    0.11098E+01
    0.17462E-02    0.11307E+01
    0.17814E-02    0.11520E+01
    0.18174E-02    0.11736E+01
    0.18541E-02    0.11956E+01
    0.18916E-02    0.12180E+01
    0.19298E-02    0.12408E+01
    0.19688E-02    0.12640E+01
    0.20086E-02    0.12875E+01
    0.20491E-02    0.13114E+01
    0.20905E-02    0.13358E+01
    0.21328E-02    0.13605E+01
    0.21758E-02    0.13856E+01
    0.22198E-02    0.14111E+01
    0.22646E-02    0.14371E+01
    0.23104E-02    0.14634E+01
    0.23571E-02    0.14902E+01
    0.24047E-02    0.15174E+01
    0.24533E-02    0.15450E+01
    0.25028E-02    0.15730E+01
    0.25534E-02    0.16014E+01
    0.26050E-02    0.16303E+01
    0.26576E-02    0.16596E+01
    0.27113E-02    0.16893E+01
    0.27660E-02    0.17195E+01
    0.28219E-02    0.17500E+01
    0.28789E-02    0.17811E+01
    0.29371E-02    0.18125E+01
    0.29964E-02    0.18443E+01
    0.30569E-02    0.18766E+01
    0.31187E-02    0.19093E+01
    0.31817E-02    0.19425E+01
    0.32460E-02    0.19760E+01
    0.33115E-02    0.20100E+01
    0.33784E-02    0.20444E+01
    0.34467E-02    0.20792E+01
    0.35163E-02    0.21144E+01
    0.35874E-02    0.21500E+01
    0.36598E-02    0.21861E+01
    0.37338E-02    0.22225E+01
    0.38092E-02    0.22593E+01
    0.38861E-02    0.22964E+01
    0.39646E-02    0.23340E+01
    0.40447E-02    0.23719E+01
    0.41264E-02    0.24102E+01
    0.42098E-02    0.24488E+01
    0.42948E-02    0.24878E+01
    0.43816E-02    0.25270E+01
    0.44701E-02    0.25666E+01
    0.45604E-02    0.26066E+01
    0.46525E-02    0.26468E+01
    0.47465E-02    0.26873E+01
    0.48424E-02    0.27280E+01
    0.49402E-02    0.27691E+01
    0.50400E-02    0.28103E+01
    0.51419E-02    0.28518E+01
    0.52457E-02    0.28935E+01
    0.53517E-02    0.29354E+01
    0.54598E-02    0.29775E+01
    0.55701E-02    0.30198E+01
    0.56826E-02    0.30622E+01
    0.57974E-02    0.31048E+01
    0.59145E-02    0.31474E+01
    0.60340E-02    0.31902E+01
    0.61559E-02    0.32330E+01
    0.62803E-02    0.32759E+01
    0.64072E-02    0.33188E+01
    0.65366E-02    0.33617E+01
    0.66686E-02    0.34046E+01
    0.68033E-02    0.34475E+01
    0.69408E-02    0.34903E+01
    0.70810E-02    0.35331E+01
    0.72240E-02    0.35757E+01
    0.73700E-02    0.36182E+01
    0.75189E-02    0.36606E+01
    0.76708E-02    0.37027E+01
    0.78257E-02    0.37447E+01
    0.79838E-02    0.37864E+01
    0.81451E-02    0.38278E+01
    0.83096E-02    0.38689E+01
    0.84775E-02    0.39096E+01
    0.86488E-02    0.39499E+01
    0.88235E-02    0.39898E+01
    0.90017E-02    0.40293E+01
    0.91836E-02    0.40682E+01
    0.93691E-02    0.41065E+01
    0.95583E-02    0.41443E+01
    0.97514E-02    0.41814E+01
    0.99484E-02    0.42177E+01
    0.10149E-01    0.42534E+01
    0.10354E-01    0.42882E+01
    0.10564E-01    0.43222E+01
    0.10777E-01    0.43552E+01
    0.10995E-01    0.43874E+01
    0.11217E-01    0.44184E+01
    0.11443E-01    0.44485E+01
    0.11675E-01    0.44774E+01
    0.11910E-01    0.45051E+01
    0.12151E-01    0.45317E+01
    0.12397E-01    0.45569E+01
    0.12647E-01    0.45809E+01
    0.12902E-01    0.46035E+01
    0.13163E-01    0.46247E+01
    0.13429E-01    0.46444E+01
    0.13700E-01    0.46627E+01
    0.13977E-01    0.46794E+01
    0.14259E-01    0.46945E+01
    0.14547E-01    0.47081E+01
    0.14841E-01    0.47199E+01
    0.15141E-01    0.47301E+01
    0.15447E-01    0.47385E+01
    0.15759E-01    0.47450E+01
    0.16077E-01    0.47497E+01
    0.16402E-01    0.47525E+01
    0.16734E-01    0.47534E+01
    0.17072E-01    0.47522E+01
    0.17416E-01    0.47489E+01
    0.17768E-01    0.47435E+01
    0.18127E-01    0.47359E+01
    0.18493E-01    0.47261E+01
    0.18867E-01    0.47141E+01
    0.19248E-01    0.46998E+01
    0.19637E-01    0.46832E+01
    0.20034E-01    0.46643E+01
    0.20438E-01    0.46432E+01
    0.20851E-01    0.46197E+01
    0.21272E-01    0.45940E+01
    0.21702E-01    0.45660E+01
    0.22141E-01    0.45358E+01
    0.22588E-01    0.45033E+01
    0.23044E-01    0.44687E+01
    0.23510E-01    0.44319E+01
    0.23985E-01    0.43930E+01
    0.24469E-01    0.43520E+01
    0.24964E-01    0.43089E+01
    0.25468E-01    0.42638E+01
    0.25982E-01    0.42169E+01
    0.26507E-01    0.41680E+01
    0.27043E-01    0.41174E+01
    0.27589E-01    0.40652E+01
    0.28146E-01    0.40115E+01
    0.28715E-01    0.39564E+01
    0.29295E-01    0.39000E+01
    0.29887E-01    0.38425E+01
    0.30490E-01    0.37841E+01
    0.31106E-01    0.37248E+01
    0.31735E-01    0.36647E+01
    0.32376E-01    0.36042E+01
    0.33030E-01    0.35432E+01
    0.33697E-01    0.34820E+01
    0.34378E-01    0.34208E+01
    0.35072E-01    0.33596E+01
    0.35781E-01    0.32988E+01
    0.36504E-01    0.32384E+01
    0.37241E-01    0.31787E+01
    0.37993E-01    0.31198E+01
    0.38761E-01    0.30618E+01
    0.39544E-01    0.30049E+01
    0.40343E-01    0.29493E+01
    0.41158E-01    0.28949E+01
    0.41989E-01    0.28421E+01
    0.42838E-01    0.27908E+01
    0.43703E-01    0.27413E+01
    0.44586E-01    0.26934E+01
    0.45486E-01    0.26474E+01
    0.46405E-01    0.26032E+01
    0.47343E-01    0.25608E+01
    0.48299E-01    0.25202E+01
    0.49275E-01    0.24814E+01
    0.50270E-01    0.24443E+01
    0.51286E-01    0.24088E+01
    0.52322E-01    0.23748E+01
    0.53379E-01    0.23421E+01
    0.54457E-01    0.23106E+01
    0.55557E-01    0.22800E+01
    0.56680E-01    0.22502E+01
    0.57825E-01    0.22209E+01
    0.58993E-01    0.21918E+01
    0.60184E-01    0.21626E+01
    0.61400E-01    0.21331E+01
    0.62641E-01    0.21030E+01
    0.63906E-01    0.20719E+01
    0.65197E-01    0.20396E+01
    0.66514E-01    0.20059E+01
    0.67858E-01    0.19706E+01
    0.69229E-01    0.19333E+01
    0.70627E-01    0.18941E+01
    0.72054E-01    0.18528E+01
    0.73510E-01    0.18095E+01
    0.74994E-01    0.17641E+01
    0.76509E-01    0.17169E+01
    0.78055E-01    0.16681E+01
    0.79632E-01    0.16179E+01
    0.81241E-01    0.15667E+01
    0.82882E-01    0.15149E+01
    0.84556E-01    0.14630E+01
    0.86264E-01    0.14115E+01
    0.88007E-01    0.13609E+01
    0.89785E-01    0.13117E+01
    0.91598E-01    0.12644E+01
    0.93449E-01    0.12194E+01
    0.95337E-01    0.11770E+01
    0.97263E-01    0.11377E+01
    0.99227E-01    0.11016E+01
    0.10123E+00    0.10687E+01
    0.10328E+00    0.10392E+01
    0.10536E+00    0.10128E+01
    0.10749E+00    0.98928E+00
    0.10966E+00    0.96834E+00
    0.11188E+00    0.94950E+00
    0.11414E+00    0.93219E+00
    0.11644E+00    0.91580E+00
    0.11880E+00    0.89967E+00
    0.12120E+00    0.88316E+00
    0.12365E+00    0.86565E+00
    0.12614E+00    0.84663E+00
    0.12869E+00    0.82572E+00
    0.13129E+00    0.80272E+00
    0.13394E+00    0.77763E+00
    0.13665E+00    0.75066E+00
    0.13941E+00    0.72221E+00
    0.14223E+00    0.69286E+00
    0.14510E+00    0.66330E+00
    0.14803E+00    0.63427E+00
    0.15102E+00    0.60651E+00
    0.15407E+00    0.58063E+00
    0.15718E+00    0.55713E+00
    0.16036E+00    0.53631E+00
    0.16360E+00    0.51824E+00
    0.16690E+00    0.50277E+00
    0.17028E+00    0.48953E+00
    0.17371E+00    0.47797E+00
    0.17722E+00    0.46741E+00
    0.18080E+00    0.45710E+00
    0.18446E+00    0.44636E+00
    0.18818E+00    0.43461E+00
    0.19198E+00    0.42149E+00
    0.19586E+00    0.40693E+00
    0.19982E+00    0.39113E+00
    0.20386E+00    0.37455E+00
    0.20797E+00    0.35780E+00
    0.21218E+00    0.34157E+00
    0.21646E+00    0.32646E+00
    0.22083E+00    0.31290E+00
    0.22530E+00    0.30110E+00
    0.22985E+00    0.29097E+00
    0.23449E+00    0.28222E+00
    0.23923E+00    0.27432E+00
    0.24406E+00    0.26672E+00
    0.24899E+00    0.25888E+00
    0.25402E+00    0.25043E+00
    0.25915E+00    0.24125E+00
    0.26439E+00    0.23149E+00
    0.26973E+00    0.22148E+00
    0.27518E+00    0.21169E+00
    0.28074E+00    0.20254E+00
    0.28641E+00    0.19431E+00
    0.29219E+00    0.18704E+00
    0.29810E+00    0.18060E+00
    0.30412E+00    0.17466E+00
    0.31026E+00    0.16887E+00
    0.31653E+00    0.16293E+00
    0.32292E+00    0.15672E+00
    0.32945E+00    0.15030E+00
    0.33610E+00    0.14390E+00
    0.34289E+00    0.13776E+00
    0.34982E+00    0.13209E+00
    0.35689E+00    0.12693E+00
    0.36409E+00    0.12221E+00
    0.37145E+00    0.11774E+00
    0.37895E+00    0.11333E+00
    0.38661E+00    0.10888E+00
    0.39442E+00    0.10441E+00
    0.40239E+00    0.10002E+00
    0.41052E+00    0.95837E-01
    0.41881E+00    0.91933E-01
    0.42727E+00    0.88294E-01
    0.43590E+00    0.84838E-01
    0.44471E+00    0.81476E-01
    0.45369E+00    0.78160E-01
    0.46286E+00    0.74904E-01
    0.47221E+00    0.71763E-01
    0.48174E+00    0.68780E-01
    0.49148E+00    0.65962E-01
    0.50141E+00    0.63274E-01
    0.51153E+00    0.60675E-01
    0.52187E+00    0.58146E-01
    0.53241E+00    0.55697E-01
    0.54317E+00    0.53350E-01
    0.55414E+00    0.51113E-01
    0.56533E+00    0.48976E-01
    0.57675E+00    0.46920E-01
    0.58840E+00    0.44934E-01
    0.60029E+00    0.43022E-01
    0.61242E+00    0.41190E-01
    0.62479E+00    0.39437E-01
    0.63741E+00    0.37757E-01
    0.65029E+00    0.36141E-01
    0.66342E+00    0.34590E-01
    0.67683E+00    0.33100E-01
    0.69050E+00    0.31672E-01
    0.70445E+00    0.30304E-01
    0.71868E+00    0.28992E-01
    0.73320E+00    0.27734E-01
    0.74801E+00    0.26528E-01
    0.76312E+00    0.25372E-01
    0.77854E+00    0.24263E-01
    0.79426E+00    0.23201E-01
    0.81031E+00    0.22183E-01
    0.82668E+00    0.21207E-01
    0.84338E+00    0.20273E-01
    0.86041E+00    0.19378E-01
    0.87780E+00    0.18520E-01
    0.89553E+00    0.17699E-01
    0.91362E+00    0.16913E-01
    0.93208E+00    0.16161E-01
    0.95091E+00    0.15440E-01
    0.97011E+00    0.14750E-01
    0.98971E+00    0.14090E-01
    0.10097E+01    0.13458E-01
    0.10301E+01    0.12854E-01
    0.10509E+01    0.12275E-01
    0.10721E+01    0.11722E-01
    0.10938E+01    0.11192E-01
    0.11159E+01    0.10686E-01
    0.11384E+01    0.10202E-01
    0.11614E+01    0.97384E-02
    0.11849E+01    0.92955E-02
    0.12088E+01    0.88721E-02
    0.12333E+01    0.84672E-02
    0.12582E+01    0.80802E-02
    0.12836E+01    0.77102E-02
    0.13095E+01    0.73566E-02
    0.13360E+01    0.70187E-02
    0.13630E+01    0.66958E-02
    0.13905E+01    0.63873E-02
    0.14186E+01    0.60926E-02
    0.14472E+01    0.58110E-02
    0.14765E+01    0.55421E-02
    0.15063E+01    0.52851E-02
    0.15367E+01    0.50398E-02
    0.15678E+01    0.48055E-02
    0.15994E+01    0.45817E-02
    0.16318E+01    0.43681E-02
    0.16647E+01    0.41642E-02
    0.16984E+01    0.39694E-02
    0.17327E+01    0.37836E-02
    0.17677E+01    0.36062E-02
    0.18034E+01    0.34369E-02
    0.18398E+01    0.32753E-02
    0.18770E+01    0.31211E-02
    0.19149E+01    0.29740E-02
    0.19536E+01    0.28336E-02
    0.19930E+01    0.26997E-02
    0.20333E+01    0.25719E-02
    0.20744E+01    0.24501E-02
    0.21163E+01    0.23338E-02
    0.21590E+01    0.22230E-02
    0.22026E+01    0.21172E-02
    0.22471E+01    0.20164E-02
    0.22925E+01    0.19203E-02
    0.23388E+01    0.18286E-02
    0.23861E+01    0.17413E-02
    0.24343E+01    0.16579E-02
    0.24835E+01    0.15785E-02
    0.25336E+01    0.15028E-02
    0.25848E+01    0.14307E-02
    0.26370E+01    0.13619E-02
    0.26903E+01    0.12964E-02
    0.27447E+01    0.12340E-02
    0.28001E+01    0.11744E-02
    0.28567E+01    0.11178E-02
    0.29144E+01    0.10637E-02
    0.29733E+01    0.10123E-02
    0.30333E+01    0.96326E-03
    0.30946E+01    0.91656E-03
    0.31571E+01    0.87208E-03
    0.32209E+01    0.82972E-03
    0.32860E+01    0.78937E-03
    0.33523E+01    0.75095E-03
    0.34201E+01    0.71436E-03
    0.34892E+01    0.67952E-03
    0.35596E+01    0.64635E-03
    0.36316E+01    0.61476E-03
    0.37049E+01    0.58469E-03
    0.37798E+01    0.55607E-03
    0.38561E+01    0.52882E-03
    0.39340E+01    0.50288E-03
    0.40135E+01    0.47819E-03
    0.40946E+01    0.45469E-03
    0.41773E+01    0.43232E-03
    0.42617E+01    0.41104E-03
    0.43478E+01    0.39079E-03
    0.44356E+01    0.37151E-03
    0.45252E+01    0.35318E-03
    0.46166E+01    0.33573E-03
    0.47099E+01    0.31913E-03
    0.48050E+01    0.30333E-03
    0.49021E+01    0.28831E-03
    0.50011E+01    0.27402E-03
    0.51021E+01    0.26042E-03
    0.52052E+01    0.24749E-03
    0.53104E+01    0.23519E-03
    0.54176E+01    0.22350E-03
    0.55271E+01    0.21237E-03
    0.56387E+01    0.20179E-03
    0.57526E+01    0.19173E-03
    0.58689E+01    0.18217E-03
    0.59874E+01    0.17307E-03
    0.61084E+01    0.16442E-03
    0.62318E+01    0.15620E-03
    0.63577E+01    0.14838E-03
    0.64861E+01    0.14095E-03
    0.66171E+01    0.13389E-03
    0.67508E+01    0.12717E-03
    0.68872E+01    0.12079E-03
    0.70263E+01    0.11472E-03
    0.71682E+01    0.10895E-03
    0.73130E+01    0.10347E-03
    0.74608E+01    0.98266E-04
    0.76115E+01    0.93316E-04
    0.77653E+01    0.88612E-04
    0.79221E+01    0.84142E-04
    0.80822E+01    0.79895E-04
    0.82454E+01    0.75859E-04
    0.84120E+01    0.72025E-04
    0.85819E+01    0.68382E-04
    0.87553E+01    0.64921E-04
    0.89322E+01    0.61633E-04
    0.91126E+01    0.58509E-04
    0.92967E+01    0.55542E-04
    0.94845E+01    0.52724E-04
    0.96761E+01    0.50047E-04
    0.98716E+01    0.47504E-04
    0.10071E+02    0.45089E-04
    0.10274E+02    0.42795E-04
    0.10482E+02    0.40617E-04
    0.10694E+02    0.38548E-04
    0.10910E+02    0.36583E-04
    0.11130E+02    0.34717E-04
    0.11355E+02    0.32946E-04
    0.11584E+02    0.31264E-04
    0.11818E+02    0.29667E-04
    0.12057E+02    0.28150E-04
    0.12301E+02    0.26710E-04
    0.12549E+02    0.25343E-04
    0.12803E+02    0.24046E-04
    0.13061E+02    0.22814E-04
    0.13325E+02    0.21644E-04
    0.13594E+02    0.20534E-04
    0.13869E+02    0.19480E-04
    0.14149E+02    0.18480E-04
    0.14435E+02    0.17530E-04
    0.14727E+02    0.16629E-04
    0.15024E+02    0.15774E-04
    0.15328E+02    0.14962E-04
    0.15637E+02    0.14192E-04
    0.15953E+02    0.13461E-04
    0.16275E+02    0.12767E-04
    0.16604E+02    0.12108E-04
    0.16940E+02    0.11484E-04
    0.17282E+02    0.10891E-04
    0.17631E+02    0.10328E-04
    0.17987E+02    0.97945E-05
    0.18351E+02    0.92881E-05
    0.18721E+02    0.88077E-05
    0.19099E+02    0.83518E-05
    0.19485E+02    0.79194E-05
    0.19879E+02    0.75091E-05
    0.20280E+02    0.71199E-05
    0.20690E+02    0.67507E-05
    0.21108E+02    0.64005E-05
    0.21535E+02    0.60683E-05
    0.21970E+02    0.57531E-05
    0.22413E+02    0.54542E-05
    0.22866E+02    0.51707E-05
    0.23328E+02    0.49018E-05
    0.23799E+02    0.46468E-05
    0.24280E+02    0.44049E-05
    0.24771E+02    0.41756E-05
    0.25271E+02    0.39580E-05
    0.25782E+02    0.37517E-05
    0.26302E+02    0.35561E-05
    0.26834E+02    0.33706E-05
    0.27376E+02    0.31946E-05
    0.27929E+02    0.30278E-05
    0.28493E+02    0.28697E-05
    0.29069E+02    0.27197E-05
    0.29656E+02    0.25775E-05
    0.30255E+02    0.24427E-05
    0.30866E+02    0.23149E-05
    0.31490E+02    0.21937E-05
    0.32126E+02    0.20788E-05
    0.32775E+02    0.19699E-05
    0.33437E+02    0.18666E-05
    0.34112E+02    0.17687E-05
    0.34801E+02    0.16759E-05
    0.35504E+02    0.15880E-05
    0.36222E+02    0.15046E-05
    0.36953E+02    0.14256E-05
    0.37700E+02    0.13506E-05
    0.38462E+02    0.12796E-05
    0.39239E+02    0.12123E-05
    0.40031E+02    0.11486E-05
    0.40840E+02    0.10881E-05
    0.41665E+02    0.10308E-05
    0.42507E+02    0.97651E-06
    0.43365E+02    0.92505E-06
    0.44241E+02    0.87628E-06
    0.45135E+02    0.83006E-06
    0.46047E+02    0.78627E-06
    0.46977E+02    0.74477E-06
    0.47926E+02    0.70544E-06
    0.48894E+02    0.66818E-06
    0.49882E+02    0.63287E-06
    0.50890E+02    0.59941E-06
    0.51918E+02    0.56771E-06
    0.52966E+02    0.53768E-06
    0.54036E+02    0.50922E-06
    0.55128E+02    0.48226E-06
    0.56242E+02    0.45671E-06
    0.57378E+02    0.43251E-06
    0.58537E+02    0.40959E-06
    0.59720E+02    0.38787E-06
    0.60926E+02    0.36729E-06
    0.62157E+02    0.34780E-06
    0.63412E+02    0.32933E-06
    0.64693E+02    0.31184E-06
    0.66000E+02    0.29527E-06
    0.67334E+02    0.27958E-06
    0.68694E+02    0.26471E-06
    0.70082E+02    0.25063E-06
    0.71497E+02    0.23729E-06
    0.72942E+02    0.22466E-06
    0.74415E+02    0.21269E-06
    0.75918E+02    0.20136E-06
    0.77452E+02    0.19063E-06
    0.79017E+02    0.18047E-06
    0.80613E+02    0.17084E-06
    0.82241E+02    0.16172E-06
    0.83903E+02    0.15309E-06
    0.85598E+02    0.14491E-06
    0.87327E+02    0.13717E-06
    0.89091E+02    0.12984E-06
    0.90891E+02    0.12290E-06
    0.92727E+02    0.11632E-06
    0.94600E+02    0.11010E-06
    0.96511E+02    0.10420E-06
    0.98461E+02    0.98620E-07
    0.10045E+03    0.93335E-07
    0.10248E+03    0.88331E-07
    0.10455E+03    0.83594E-07
    0.10666E+03    0.79108E-07
    0.10882E+03    0.74862E-07
    0.11101E+03    0.70841E-07
    0.11326E+03    0.67035E-07
    0.11554E+03    0.63432E-07
    0.11788E+03    0.60020E-07
    0.12026E+03    0.56791E-07
    0.12269E+03    0.53734E-07
    0.12517E+03    0.50840E-07
    0.12770E+03    0.48100E-07
    0.13028E+03    0.45507E-07
    0.13291E+03    0.43053E-07
    0.13559E+03    0.40729E-07
    0.13833E+03    0.38530E-07
    0.14113E+03    0.36449E-07
    0.14398E+03    0.34479E-07
    0.14689E+03    0.32614E-07
    0.14985E+03    0.30849E-07
    0.15288E+03    0.29179E-07
    0.15597E+03    0.27598E-07
    0.15912E+03    0.26102E-07
    0.16233E+03    0.24686E-07
    0.16561E+03    0.23347E-07
    0.16896E+03    0.22079E-07
    0.17237E+03    0.20879E-07
    0.17585E+03    0.19744E-07
    0.17941E+03    0.18670E-07
    0.18303E+03    0.17653E-07
    0.18673E+03    0.16691E-07
    0.19050E+03    0.15781E-07
    0.19435E+03    0.14920E-07
    0.19828E+03    0.14106E-07
    0.20228E+03    0.13335E-07
    0.20637E+03    0.12606E-07
    0.21054E+03    0.11916E-07
    0.21479E+03    0.11263E-07
    0.21913E+03    0.10646E-07
    0.22356E+03    0.10062E-07
    0.22807E+03    0.95093E-08
    0.23268E+03    0.89867E-08
    0.23738E+03    0.84924E-08
    0.24217E+03    0.80249E-08
    0.24707E+03    0.75827E-08
    0.25206E+03    0.71645E-08
    0.25715E+03    0.67689E-08
    0.26234E+03    0.63949E-08
    0.26764E+03    0.60411E-08
    0.27305E+03    0.57066E-08
    0.27857E+03    0.53902E-08
    0.28419E+03    0.50911E-08
    0.28994E+03    0.48083E-08
    0.29579E+03    0.45409E-08
    0.30177E+03    0.42880E-08
    0.30786E+03    0.40490E-08
    0.31408E+03    0.38230E-08
    0.32043E+03    0.36094E-08
    0.32690E+03    0.34074E-08
    0.33351E+03    0.32166E-08
    0.34024E+03    0.30361E-08
    0.34712E+03    0.28656E-08
    0.35413E+03    0.27045E-08
    0.36128E+03    0.25522E-08
    0.36858E+03    0.24083E-08
    0.37603E+03    0.22723E-08
    0.38362E+03    0.21438E-08
    0.39137E+03    0.20224E-08
    0.39928E+03    0.19078E-08
    0.40734E+03    0.17994E-08
    0.41557E+03    0.16971E-08
    0.42397E+03    0.16005E-08
    0.43253E+03    0.15092E-08
    0.44127E+03    0.14230E-08
    0.45019E+03    0.13416E-08
    0.45928E+03    0.12648E-08
    0.46856E+03    0.11922E-08
    0.47802E+03    0.11237E-08
    0.48768E+03    0.10591E-08
    0.49753E+03    0.99806E-09
    0.50758E+03    0.94046E-09
    0.51784E+03    0.88611E-09
    0.52830E+03    0.83485E-09
