#           k/h    P           
    0.10000E-03    0.76149E+02
    0.10202E-03    0.77640E+02
    0.10408E-03    0.79160E+02
    0.10618E-03    0.80711E+02
    0.10833E-03    0.82291E+02
    0.11052E-03    0.83903E+02
    0.11275E-03    0.85546E+02
    0.11503E-03    0.87221E+02
    0.11735E-03    0.88928E+02
    0.11972E-03    0.90670E+02
    0.12214E-03    0.92445E+02
    0.12461E-03    0.94255E+02
    0.12712E-03    0.96101E+02
    0.12969E-03    0.97982E+02
    0.13231E-03    0.99901E+02
    0.13499E-03    0.10186E+03
    0.13771E-03    0.10385E+03
    0.14049E-03    0.10588E+03
    0.14333E-03    0.10796E+03
    0.14623E-03    0.11007E+03
    0.14918E-03    0.11222E+03
    0.15220E-03    0.11442E+03
    0.15527E-03    0.11666E+03
    0.15841E-03    0.11894E+03
    0.16161E-03    0.12127E+03
    0.16487E-03    0.12365E+03
    0.16820E-03    0.12607E+03
    0.17160E-03    0.12853E+03
    0.17507E-03    0.13105E+03
    0.17860E-03    0.13361E+03
    0.18221E-03    0.13623E+03
    0.18589E-03    0.13889E+03
    0.18965E-03    0.14161E+03
    0.19348E-03    0.14438E+03
    0.19739E-03    0.14721E+03
    0.20138E-03    0.15009E+03
    0.20544E-03    0.15303E+03
    0.20959E-03    0.15602E+03
    0.21383E-03    0.15907E+03
    0.21815E-03    0.16218E+03
    0.22255E-03    0.16535E+03
    0.22705E-03    0.16859E+03
    0.23164E-03    0.17189E+03
    0.23632E-03    0.17525E+03
    0.24109E-03    0.17867E+03
    0.24596E-03    0.18217E+03
    0.25093E-03    0.18573E+03
    0.25600E-03    0.18936E+03
    0.26117E-03    0.19306E+03
    0.26645E-03    0.19684E+03
    0.27183E-03    0.20068E+03
    0.27732E-03    0.20460E+03
    0.28292E-03    0.20860E+03
    0.28864E-03    0.21268E+03
    0.29447E-03    0.21683E+03
    0.30042E-03    0.22107E+03
    0.30649E-03    0.22539E+03
    0.31268E-03    0.22979E+03
    0.31899E-03    0.23428E+03
    0.32544E-03    0.23885E+03
    0.33201E-03    0.24352E+03
    0.33872E-03    0.24827E+03
    0.34556E-03    0.25311E+03
    0.35254E-03    0.25805E+03
    0.35966E-03    0.26309E+03
    0.36693E-03    0.26822E+03
    0.37434E-03    0.27345E+03
    0.38190E-03    0.27879E+03
    0.38962E-03    0.28422E+03
    0.39749E-03    0.28977E+03
    0.40552E-03    0.29541E+03
    0.41371E-03    0.30117E+03
    0.42207E-03    0.30704E+03
    0.43060E-03    0.31302E+03
    0.43929E-03    0.31912E+03
    0.44817E-03    0.32533E+03
    0.45722E-03    0.33166E+03
    0.46646E-03    0.33812E+03
    0.47588E-03    0.34470E+03
    0.48550E-03    0.35140E+03
    0.49530E-03    0.35823E+03
    0.50531E-03    0.36520E+03
    0.51552E-03    0.37230E+03
    0.52593E-03    0.37953E+03
    0.53656E-03    0.38690E+03
    0.54739E-03    0.39441E+03
    0.55845E-03    0.40207E+03
    0.56973E-03    0.40987E+03
    0.58124E-03    0.41782E+03
    0.59299E-03    0.42592E+03
    0.60496E-03    0.43417E+03
    0.61719E-03    0.44259E+03
    0.62965E-03    0.45116E+03
    0.64237E-03    0.45989E+03
    0.65535E-03    0.46878E+03
    0.66859E-03    0.47785E+03
    0.68210E-03    0.48708E+03
    0.69588E-03    0.49649E+03
    0.70993E-03    0.50608E+03
    0.72427E-03    0.51585E+03
    0.73891E-03    0.52579E+03
    0.75383E-03    0.53593E+03
    0.76906E-03    0.54625E+03
    0.78460E-03    0.55677E+03
    0.80045E-03    0.56748E+03
    0.81662E-03    0.57839E+03
    0.83311E-03    0.58950E+03
    0.84994E-03    0.60082E+03
    0.86711E-03    0.61234E+03
    0.88463E-03    0.62408E+03
    0.90250E-03    0.63603E+03
    0.92073E-03    0.64821E+03
    0.93933E-03    0.66060E+03
    0.95831E-03    0.67322E+03
    0.97767E-03    0.68607E+03
    0.99742E-03    0.69915E+03
    0.10176E-02    0.71247E+03
    0.10381E-02    0.72603E+03
    0.10591E-02    0.73984E+03
    0.10805E-02    0.75389E+03
    0.11023E-02    0.76819E+03
    0.11246E-02    0.78275E+03
    0.11473E-02    0.79757E+03
    0.11705E-02    0.81265E+03
    0.11941E-02    0.82799E+03
    0.12182E-02    0.84361E+03
    0.12429E-02    0.85950E+03
    0.12680E-02    0.87566E+03
    0.12936E-02    0.89211E+03
    0.13197E-02    0.90885E+03
    0.13464E-02    0.92587E+03
    0.13736E-02    0.94318E+03
    0.14013E-02    0.96079E+03
    0.14296E-02    0.97870E+03
    0.14585E-02    0.99691E+03
    0.14880E-02    0.10154E+04
    0.15180E-02    0.10343E+04
    0.15487E-02    0.10534E+04
    0.15800E-02    0.10729E+04
    0.16119E-02    0.10927E+04
    0.16445E-02    0.11128E+04
    0.16777E-02    0.11332E+04
    0.17116E-02    0.11540E+04
    0.17462E-02    0.11751E+04
    0.17814E-02    0.11966E+04
    0.18174E-02    0.12183E+04
    0.18541E-02    0.12405E+04
    0.18916E-02    0.12630E+04
    0.19298E-02    0.12858E+04
    0.19688E-02    0.13090E+04
    0.20086E-02    0.13325E+04
    0.20491E-02    0.13564E+04
    0.20905E-02    0.13807E+04
    0.21328E-02    0.14053E+04
    0.21758E-02    0.14304E+04
    0.22198E-02    0.14557E+04
    0.22646E-02    0.14815E+04
    0.23104E-02    0.15076E+04
    0.23571E-02    0.15341E+04
    0.24047E-02    0.15609E+04
    0.24533E-02    0.15882E+04
    0.25028E-02    0.16158E+04
    0.25534E-02    0.16438E+04
    0.26050E-02    0.16722E+04
    0.26576E-02    0.17010E+04
    0.27113E-02    0.17302E+04
    0.27660E-02    0.17597E+04
    0.28219E-02    0.17897E+04
    0.28789E-02    0.18200E+04
    0.29371E-02    0.18507E+04
    0.29964E-02    0.18818E+04
    0.30569E-02    0.19132E+04
    0.31187E-02    0.19451E+04
    0.31817E-02    0.19773E+04
    0.32460E-02    0.20099E+04
    0.33115E-02    0.20429E+04
    0.33784E-02    0.20763E+04
    0.34467E-02    0.21101E+04
    0.35163E-02    0.21442E+04
    0.35874E-02    0.21787E+04
    0.36598E-02    0.22135E+04
    0.37338E-02    0.22487E+04
    0.38092E-02    0.22843E+04
    0.38861E-02    0.23203E+04
    0.39646E-02    0.23565E+04
    0.40447E-02    0.23932E+04
    0.41264E-02    0.24301E+04
    0.42098E-02    0.24674E+04
    0.42948E-02    0.25051E+04
    0.43816E-02    0.25430E+04
    0.44701E-02    0.25813E+04
    0.45604E-02    0.26198E+04
    0.46525E-02    0.26587E+04
    0.47465E-02    0.26979E+04
    0.48424E-02    0.27373E+04
    0.49402E-02    0.27770E+04
    0.50400E-02    0.28169E+04
    0.51419E-02    0.28571E+04
    0.52457E-02    0.28976E+04
    0.53517E-02    0.29382E+04
    0.54598E-02    0.29791E+04
    0.55701E-02    0.30202E+04
    0.56826E-02    0.30614E+04
    0.57974E-02    0.31029E+04
    0.59145E-02    0.31444E+04
    0.60340E-02    0.31862E+04
    0.61559E-02    0.32280E+04
    0.62803E-02    0.32699E+04
    0.64072E-02    0.33119E+04
    0.65366E-02    0.33540E+04
    0.66686E-02    0.33961E+04
    0.68033E-02    0.34383E+04
    0.69408E-02    0.34804E+04
    0.70810E-02    0.35226E+04
    0.72240E-02    0.35646E+04
    0.73700E-02    0.36066E+04
    0.75189E-02    0.36486E+04
    0.76708E-02    0.36904E+04
    0.78257E-02    0.37320E+04
    0.79838E-02    0.37735E+04
    0.81451E-02    0.38148E+04
    0.83096E-02    0.38558E+04
    0.84775E-02    0.38966E+04
    0.86488E-02    0.39371E+04
    0.88235E-02    0.39772E+04
    0.90017E-02    0.40170E+04
    0.91836E-02    0.40564E+04
    0.93691E-02    0.40954E+04
    0.95583E-02    0.41339E+04
    0.97514E-02    0.41719E+04
    0.99484E-02    0.42094E+04
    0.10149E-01    0.42463E+04
    0.10354E-01    0.42825E+04
    0.10564E-01    0.43181E+04
    0.10777E-01    0.43530E+04
    0.10995E-01    0.43871E+04
    0.11217E-01    0.44204E+04
    0.11443E-01    0.44529E+04
    0.11675E-01    0.44845E+04
    0.11910E-01    0.45152E+04
    0.12151E-01    0.45449E+04
    0.12397E-01    0.45735E+04
    0.12647E-01    0.46011E+04
    0.12902E-01    0.46276E+04
    0.13163E-01    0.46529E+04
    0.13429E-01    0.46769E+04
    0.13700E-01    0.46997E+04
    0.13977E-01    0.47211E+04
    0.14259E-01    0.47411E+04
    0.14547E-01    0.47598E+04
    0.14841E-01    0.47769E+04
    0.15141E-01    0.47925E+04
    0.15447E-01    0.48065E+04
    0.15759E-01    0.48188E+04
    0.16077E-01    0.48295E+04
    0.16402E-01    0.48384E+04
    0.16734E-01    0.48455E+04
    0.17072E-01    0.48508E+04
    0.17416E-01    0.48542E+04
    0.17768E-01    0.48557E+04
    0.18127E-01    0.48552E+04
    0.18493E-01    0.48527E+04
    0.18867E-01    0.48481E+04
    0.19248E-01    0.48415E+04
    0.19637E-01    0.48327E+04
    0.20034E-01    0.48219E+04
    0.20438E-01    0.48088E+04
    0.20851E-01    0.47936E+04
    0.21272E-01    0.47762E+04
    0.21702E-01    0.47566E+04
    0.22141E-01    0.47347E+04
    0.22588E-01    0.47107E+04
    0.23044E-01    0.46844E+04
    0.23510E-01    0.46560E+04
    0.23985E-01    0.46254E+04
    0.24469E-01    0.45926E+04
    0.24964E-01    0.45577E+04
    0.25468E-01    0.45208E+04
    0.25982E-01    0.44818E+04
    0.26507E-01    0.44409E+04
    0.27043E-01    0.43981E+04
    0.27589E-01    0.43534E+04
    0.28146E-01    0.43070E+04
    0.28715E-01    0.42590E+04
    0.29295E-01    0.42094E+04
    0.29887E-01    0.41583E+04
    0.30490E-01    0.41060E+04
    0.31106E-01    0.40524E+04
    0.31735E-01    0.39977E+04
    0.32376E-01    0.39421E+04
    0.33030E-01    0.38856E+04
    0.33697E-01    0.38286E+04
    0.34378E-01    0.37710E+04
    0.35072E-01    0.37130E+04
    0.35781E-01    0.36549E+04
    0.36504E-01    0.35967E+04
    0.37241E-01    0.35387E+04
    0.37993E-01    0.34809E+04
    0.38761E-01    0.34236E+04
    0.39544E-01    0.33669E+04
    0.40343E-01    0.33109E+04
    0.41158E-01    0.32558E+04
    0.41989E-01    0.32018E+04
    0.42838E-01    0.31488E+04
    0.43703E-01    0.30971E+04
    0.44586E-01    0.30468E+04
    0.45486E-01    0.29979E+04
    0.46405E-01    0.29505E+04
    0.47343E-01    0.29046E+04
    0.48299E-01    0.28603E+04
    0.49275E-01    0.28176E+04
    0.50270E-01    0.27764E+04
    0.51286E-01    0.27367E+04
    0.52322E-01    0.26985E+04
    0.53379E-01    0.26616E+04
    0.54457E-01    0.26259E+04
    0.55557E-01    0.25913E+04
    0.56680E-01    0.25576E+04
    0.57825E-01    0.25246E+04
    0.58993E-01    0.24921E+04
    0.60184E-01    0.24598E+04
    0.61400E-01    0.24275E+04
    0.62641E-01    0.23950E+04
    0.63906E-01    0.23619E+04
    0.65197E-01    0.23280E+04
    0.66514E-01    0.22930E+04
    0.67858E-01    0.22567E+04
    0.69229E-01    0.22189E+04
    0.70627E-01    0.21794E+04
    0.72054E-01    0.21380E+04
    0.73510E-01    0.20947E+04
    0.74994E-01    0.20493E+04
    0.76509E-01    0.20021E+04
    0.78055E-01    0.19530E+04
    0.79632E-01    0.19022E+04
    0.81241E-01    0.18500E+04
    0.82882E-01    0.17966E+04
    0.84556E-01    0.17426E+04
    0.86264E-01    0.16882E+04
    0.88007E-01    0.16340E+04
    0.89785E-01    0.15804E+04
    0.91598E-01    0.15280E+04
    0.93449E-01    0.14771E+04
    0.95337E-01    0.14283E+04
    0.97263E-01    0.13820E+04
    0.99227E-01    0.13384E+04
    0.10123E+00    0.12979E+04
    0.10328E+00    0.12605E+04
    0.10536E+00    0.12264E+04
    0.10749E+00    0.11954E+04
    0.10966E+00    0.11673E+04
    0.11188E+00    0.11418E+04
    0.11414E+00    0.11186E+04
    0.11644E+00    0.10972E+04
    0.11880E+00    0.10769E+04
    0.12120E+00    0.10571E+04
    0.12365E+00    0.10372E+04
    0.12614E+00    0.10165E+04
    0.12869E+00    0.99462E+03
    0.13129E+00    0.97106E+03
    0.13394E+00    0.94555E+03
    0.13665E+00    0.91804E+03
    0.13941E+00    0.88865E+03
    0.14223E+00    0.85770E+03
    0.14510E+00    0.82571E+03
    0.14803E+00    0.79330E+03
    0.15102E+00    0.76119E+03
    0.15407E+00    0.73011E+03
    0.15718E+00    0.70071E+03
    0.16036E+00    0.67355E+03
    0.16360E+00    0.64900E+03
    0.16690E+00    0.62721E+03
    0.17028E+00    0.60812E+03
    0.17371E+00    0.59144E+03
    0.17722E+00    0.57668E+03
    0.18080E+00    0.56320E+03
    0.18446E+00    0.55028E+03
    0.18818E+00    0.53720E+03
    0.19198E+00    0.52335E+03
    0.19586E+00    0.50829E+03
    0.19982E+00    0.49184E+03
    0.20386E+00    0.47411E+03
    0.20797E+00    0.45548E+03
    0.21218E+00    0.43651E+03
    0.21646E+00    0.41786E+03
    0.22083E+00    0.40018E+03
    0.22530E+00    0.38398E+03
    0.22985E+00    0.36954E+03
    0.23449E+00    0.35688E+03
    0.23923E+00    0.34577E+03
    0.24406E+00    0.33576E+03
    0.24899E+00    0.32628E+03
    0.25402E+00    0.31677E+03
    0.25915E+00    0.30680E+03
    0.26439E+00    0.29614E+03
    0.26973E+00    0.28486E+03
    0.27518E+00    0.27325E+03
    0.28074E+00    0.26173E+03
    0.28641E+00    0.25077E+03
    0.29219E+00    0.24070E+03
    0.29810E+00    0.23165E+03
    0.30412E+00    0.22355E+03
    0.31026E+00    0.21611E+03
    0.31653E+00    0.20897E+03
    0.32292E+00    0.20180E+03
    0.32945E+00    0.19441E+03
    0.33610E+00    0.18681E+03
    0.34289E+00    0.17916E+03
    0.34982E+00    0.17174E+03
    0.35689E+00    0.16476E+03
    0.36409E+00    0.15835E+03
    0.37145E+00    0.15244E+03
    0.37895E+00    0.14689E+03
    0.38661E+00    0.14148E+03
    0.39442E+00    0.13609E+03
    0.40239E+00    0.13068E+03
    0.41052E+00    0.12534E+03
    0.41881E+00    0.12019E+03
    0.42727E+00    0.11534E+03
    0.43590E+00    0.11080E+03
    0.44471E+00    0.10651E+03
    0.45369E+00    0.10236E+03
    0.46286E+00    0.98285E+02
    0.47221E+00    0.94286E+02
    0.48174E+00    0.90405E+02
    0.49148E+00    0.86696E+02
    0.50141E+00    0.83179E+02
    0.51153E+00    0.79828E+02
    0.52187E+00    0.76601E+02
    0.53241E+00    0.73466E+02
    0.54317E+00    0.70425E+02
    0.55414E+00    0.67499E+02
    0.56533E+00    0.64702E+02
    0.57675E+00    0.62030E+02
    0.58840E+00    0.59462E+02
    0.60029E+00    0.56984E+02
    0.61242E+00    0.54594E+02
    0.62479E+00    0.52299E+02
    0.63741E+00    0.50100E+02
    0.65029E+00    0.47993E+02
    0.66342E+00    0.45967E+02
    0.67683E+00    0.44019E+02
    0.69050E+00    0.42149E+02
    0.70445E+00    0.40353E+02
    0.71868E+00    0.38630E+02
    0.73320E+00    0.36977E+02
    0.74801E+00    0.35391E+02
    0.76312E+00    0.33870E+02
    0.77854E+00    0.32411E+02
    0.79426E+00    0.31011E+02
    0.81031E+00    0.29669E+02
    0.82668E+00    0.28381E+02
    0.84338E+00    0.27147E+02
    0.86041E+00    0.25964E+02
    0.87780E+00    0.24830E+02
    0.89553E+00    0.23743E+02
    0.91362E+00    0.22702E+02
    0.93208E+00    0.21704E+02
    0.95091E+00    0.20748E+02
    0.97011E+00    0.19832E+02
    0.98971E+00    0.18955E+02
    0.10097E+01    0.18115E+02
    0.10301E+01    0.17311E+02
    0.10509E+01    0.16541E+02
    0.10721E+01    0.15804E+02
    0.10938E+01    0.15098E+02
    0.11159E+01    0.14422E+02
    0.11384E+01    0.13776E+02
    0.11614E+01    0.13157E+02
    0.11849E+01    0.12565E+02
    0.12088E+01    0.11999E+02
    0.12333E+01    0.11457E+02
    0.12582E+01    0.10939E+02
    0.12836E+01    0.10443E+02
    0.13095E+01    0.99689E+01
    0.13360E+01    0.95156E+01
    0.13630E+01    0.90821E+01
    0.13905E+01    0.86678E+01
    0.14186E+01    0.82717E+01
    0.14472E+01    0.78931E+01
    0.14765E+01    0.75312E+01
    0.15063E+01    0.71854E+01
    0.15367E+01    0.68549E+01
    0.15678E+01    0.65391E+01
    0.15994E+01    0.62374E+01
    0.16318E+01    0.59492E+01
    0.16647E+01    0.56739E+01
    0.16984E+01    0.54109E+01
    0.17327E+01    0.51598E+01
    0.17677E+01    0.49200E+01
    0.18034E+01    0.46909E+01
    0.18398E+01    0.44722E+01
    0.18770E+01    0.42634E+01
    0.19149E+01    0.40641E+01
    0.19536E+01    0.38739E+01
    0.19930E+01    0.36922E+01
    0.20333E+01    0.35189E+01
    0.20744E+01    0.33535E+01
    0.21163E+01    0.31957E+01
    0.21590E+01    0.30450E+01
    0.22026E+01    0.29013E+01
    0.22471E+01    0.27642E+01
    0.22925E+01    0.26334E+01
    0.23388E+01    0.25087E+01
    0.23861E+01    0.23897E+01
    0.24343E+01    0.22762E+01
    0.24835E+01    0.21679E+01
    0.25336E+01    0.20647E+01
    0.25848E+01    0.19663E+01
    0.26370E+01    0.18725E+01
    0.26903E+01    0.17830E+01
    0.27447E+01    0.16977E+01
    0.28001E+01    0.16164E+01
    0.28567E+01    0.15389E+01
    0.29144E+01    0.14650E+01
    0.29733E+01    0.13946E+01
    0.30333E+01    0.13275E+01
    0.30946E+01    0.12636E+01
    0.31571E+01    0.12027E+01
    0.32209E+01    0.11446E+01
    0.32860E+01    0.10893E+01
    0.33523E+01    0.10366E+01
    0.34201E+01    0.98640E+00
    0.34892E+01    0.93859E+00
    0.35596E+01    0.89304E+00
    0.36316E+01    0.84967E+00
    0.37049E+01    0.80835E+00
    0.37798E+01    0.76901E+00
    0.38561E+01    0.73155E+00
    0.39340E+01    0.69587E+00
    0.40135E+01    0.66190E+00
    0.40946E+01    0.62956E+00
    0.41773E+01    0.59877E+00
    0.42617E+01    0.56945E+00
    0.43478E+01    0.54155E+00
    0.44356E+01    0.51498E+00
    0.45252E+01    0.48970E+00
    0.46166E+01    0.46564E+00
    0.47099E+01    0.44274E+00
    0.48050E+01    0.42094E+00
    0.49021E+01    0.40020E+00
    0.50011E+01    0.38047E+00
    0.51021E+01    0.36169E+00
    0.52052E+01    0.34382E+00
    0.53104E+01    0.32682E+00
    0.54176E+01    0.31065E+00
    0.55271E+01    0.29526E+00
    0.56387E+01    0.28062E+00
    0.57526E+01    0.26670E+00
    0.58689E+01    0.25346E+00
    0.59874E+01    0.24086E+00
    0.61084E+01    0.22889E+00
    0.62318E+01    0.21749E+00
    0.63577E+01    0.20666E+00
    0.64861E+01    0.19636E+00
    0.66171E+01    0.18656E+00
    0.67508E+01    0.17724E+00
    0.68872E+01    0.16839E+00
    0.70263E+01    0.15997E+00
    0.71682E+01    0.15196E+00
    0.73130E+01    0.14435E+00
    0.74608E+01    0.13712E+00
    0.76115E+01    0.13024E+00
    0.77653E+01    0.12370E+00
    0.79221E+01    0.11749E+00
    0.80822E+01    0.11158E+00
    0.82454E+01    0.10597E+00
    0.84120E+01    0.10064E+00
    0.85819E+01    0.95567E-01
    0.87553E+01    0.90749E-01
    0.89322E+01    0.86172E-01
    0.91126E+01    0.81822E-01
    0.92967E+01    0.77689E-01
    0.94845E+01    0.73762E-01
    0.96761E+01    0.70031E-01
    0.98716E+01    0.66487E-01
    0.10071E+02    0.63119E-01
    0.10274E+02    0.59920E-01
    0.10482E+02    0.56882E-01
    0.10694E+02    0.53995E-01
    0.10910E+02    0.51253E-01
    0.11130E+02    0.48649E-01
    0.11355E+02    0.46176E-01
    0.11584E+02    0.43826E-01
    0.11818E+02    0.41595E-01
    0.12057E+02    0.39477E-01
    0.12301E+02    0.37464E-01
    0.12549E+02    0.35554E-01
    0.12803E+02    0.33739E-01
    0.13061E+02    0.32017E-01
    0.13325E+02    0.30381E-01
    0.13594E+02    0.28828E-01
    0.13869E+02    0.27353E-01
    0.14149E+02    0.25953E-01
    0.14435E+02    0.24624E-01
    0.14727E+02    0.23362E-01
    0.15024E+02    0.22165E-01
    0.15328E+02    0.21027E-01
    0.15637E+02    0.19948E-01
    0.15953E+02    0.18924E-01
    0.16275E+02    0.17951E-01
    0.16604E+02    0.17028E-01
    0.16940E+02    0.16152E-01
    0.17282E+02    0.15321E-01
    0.17631E+02    0.14532E-01
    0.17987E+02    0.13783E-01
    0.18351E+02    0.13073E-01
    0.18721E+02    0.12399E-01
    0.19099E+02    0.11759E-01
    0.19485E+02    0.11152E-01
    0.19879E+02    0.10575E-01
    0.20280E+02    0.10029E-01
    0.20690E+02    0.95102E-02
    0.21108E+02    0.90181E-02
    0.21535E+02    0.85513E-02
    0.21970E+02    0.81084E-02
    0.22413E+02    0.76882E-02
    0.22866E+02    0.72897E-02
    0.23328E+02    0.69115E-02
    0.23799E+02    0.65529E-02
    0.24280E+02    0.62126E-02
    0.24771E+02    0.58899E-02
    0.25271E+02    0.55838E-02
    0.25782E+02    0.52935E-02
    0.26302E+02    0.50181E-02
    0.26834E+02    0.47569E-02
    0.27376E+02    0.45092E-02
    0.27929E+02    0.42743E-02
    0.28493E+02    0.40515E-02
    0.29069E+02    0.38403E-02
    0.29656E+02    0.36399E-02
    0.30255E+02    0.34499E-02
    0.30866E+02    0.32698E-02
    0.31490E+02    0.30990E-02
    0.32126E+02    0.29370E-02
    0.32775E+02    0.27834E-02
    0.33437E+02    0.26378E-02
    0.34112E+02    0.24997E-02
    0.34801E+02    0.23688E-02
    0.35504E+02    0.22448E-02
    0.36222E+02    0.21271E-02
    0.36953E+02    0.20156E-02
    0.37700E+02    0.19098E-02
    0.38462E+02    0.18096E-02
    0.39239E+02    0.17146E-02
    0.40031E+02    0.16245E-02
    0.40840E+02    0.15392E-02
    0.41665E+02    0.14582E-02
    0.42507E+02    0.13815E-02
    0.43365E+02    0.13088E-02
    0.44241E+02    0.12399E-02
    0.45135E+02    0.11746E-02
    0.46047E+02    0.11127E-02
    0.46977E+02    0.10541E-02
    0.47926E+02    0.99849E-03
    0.48894E+02    0.94580E-03
    0.49882E+02    0.89588E-03
    0.50890E+02    0.84856E-03
    0.51918E+02    0.80373E-03
    0.52966E+02    0.76125E-03
    0.54036E+02    0.72099E-03
    0.55128E+02    0.68285E-03
    0.56242E+02    0.64670E-03
    0.57378E+02    0.61246E-03
    0.58537E+02    0.58001E-03
    0.59720E+02    0.54927E-03
    0.60926E+02    0.52014E-03
    0.62157E+02    0.49255E-03
    0.63412E+02    0.46640E-03
    0.64693E+02    0.44163E-03
    0.66000E+02    0.41817E-03
    0.67334E+02    0.39594E-03
    0.68694E+02    0.37489E-03
    0.70082E+02    0.35494E-03
    0.71497E+02    0.33605E-03
    0.72942E+02    0.31815E-03
    0.74415E+02    0.30120E-03
    0.75918E+02    0.28514E-03
    0.77452E+02    0.26993E-03
    0.79017E+02    0.25553E-03
    0.80613E+02    0.24189E-03
    0.82241E+02    0.22896E-03
    0.83903E+02    0.21673E-03
    0.85598E+02    0.20514E-03
    0.87327E+02    0.19416E-03
    0.89091E+02    0.18377E-03
    0.90891E+02    0.17392E-03
    0.92727E+02    0.16460E-03
    0.94600E+02    0.15577E-03
    0.96511E+02    0.14742E-03
    0.98461E+02    0.13950E-03
    0.10045E+03    0.13201E-03
    0.10248E+03    0.12491E-03
    0.10455E+03    0.11819E-03
    0.10666E+03    0.11183E-03
    0.10882E+03    0.10581E-03
    0.11101E+03    0.10011E-03
    0.11326E+03    0.94707E-04
    0.11554E+03    0.89596E-04
    0.11788E+03    0.84758E-04
    0.12026E+03    0.80177E-04
    0.12269E+03    0.75841E-04
    0.12517E+03    0.71737E-04
    0.12770E+03    0.67852E-04
    0.13028E+03    0.64174E-04
    0.13291E+03    0.60693E-04
    0.13559E+03    0.57398E-04
    0.13833E+03    0.54280E-04
    0.14113E+03    0.51328E-04
    0.14398E+03    0.48535E-04
    0.14689E+03    0.45891E-04
    0.14985E+03    0.43390E-04
    0.15288E+03    0.41022E-04
    0.15597E+03    0.38781E-04
    0.15912E+03    0.36661E-04
    0.16233E+03    0.34655E-04
    0.16561E+03    0.32757E-04
    0.16896E+03    0.30960E-04
    0.17237E+03    0.29261E-04
    0.17585E+03    0.27653E-04
    0.17941E+03    0.26132E-04
    0.18303E+03    0.24693E-04
    0.18673E+03    0.23331E-04
    0.19050E+03    0.22043E-04
    0.19435E+03    0.20825E-04
    0.19828E+03    0.19673E-04
    0.20228E+03    0.18583E-04
    0.20637E+03    0.17552E-04
    0.21054E+03    0.16577E-04
    0.21479E+03    0.15655E-04
    0.21913E+03    0.14783E-04
    0.22356E+03    0.13958E-04
    0.22807E+03    0.13178E-04
    0.23268E+03    0.12441E-04
    0.23738E+03    0.11744E-04
    0.24217E+03    0.11085E-04
    0.24707E+03    0.10462E-04
    0.25206E+03    0.98727E-05
    0.25715E+03    0.93160E-05
    0.26234E+03    0.87898E-05
    0.26764E+03    0.82924E-05
    0.27305E+03    0.78224E-05
    0.27857E+03    0.73782E-05
    0.28419E+03    0.69585E-05
    0.28994E+03    0.65619E-05
    0.29579E+03    0.61872E-05
    0.30177E+03    0.58333E-05
    0.30786E+03    0.54989E-05
    0.31408E+03    0.51831E-05
    0.32043E+03    0.48849E-05
    0.32690E+03    0.46032E-05
    0.33351E+03    0.43373E-05
    0.34024E+03    0.40862E-05
    0.34712E+03    0.38491E-05
    0.35413E+03    0.36253E-05
    0.36128E+03    0.34141E-05
    0.36858E+03    0.32148E-05
    0.37603E+03    0.30267E-05
    0.38362E+03    0.28493E-05
    0.39137E+03    0.26819E-05
    0.39928E+03    0.25240E-05
    0.40734E+03    0.23750E-05
    0.41557E+03    0.22346E-05
    0.42397E+03    0.21022E-05
    0.43253E+03    0.19774E-05
    0.44127E+03    0.18597E-05
    0.45019E+03    0.17489E-05
    0.45928E+03    0.16444E-05
    0.46856E+03    0.15460E-05
    0.47802E+03    0.14533E-05
    0.48768E+03    0.13659E-05
    0.49753E+03    0.12837E-05
    0.50758E+03    0.12063E-05
    0.51784E+03    0.11335E-05
