#           k/h    P           
    0.10000E-03    0.28154E+02
    0.10202E-03    0.28706E+02
    0.10408E-03    0.29268E+02
    0.10618E-03    0.29841E+02
    0.10833E-03    0.30425E+02
    0.11052E-03    0.31021E+02
    0.11275E-03    0.31628E+02
    0.11503E-03    0.32248E+02
    0.11735E-03    0.32879E+02
    0.11972E-03    0.33523E+02
    0.12214E-03    0.34179E+02
    0.12461E-03    0.34848E+02
    0.12712E-03    0.35531E+02
    0.12969E-03    0.36226E+02
    0.13231E-03    0.36935E+02
    0.13499E-03    0.37658E+02
    0.13771E-03    0.38396E+02
    0.14049E-03    0.39147E+02
    0.14333E-03    0.39914E+02
    0.14623E-03    0.40695E+02
    0.14918E-03    0.41491E+02
    0.15220E-03    0.42303E+02
    0.15527E-03    0.43131E+02
    0.15841E-03    0.43976E+02
    0.16161E-03    0.44836E+02
    0.16487E-03    0.45714E+02
    0.16820E-03    0.46608E+02
    0.17160E-03    0.47520E+02
    0.17507E-03    0.48450E+02
    0.17860E-03    0.49398E+02
    0.18221E-03    0.50365E+02
    0.18589E-03    0.51350E+02
    0.18965E-03    0.52355E+02
    0.19348E-03    0.53379E+02
    0.19739E-03    0.54423E+02
    0.20138E-03    0.55488E+02
    0.20544E-03    0.56573E+02
    0.20959E-03    0.57679E+02
    0.21383E-03    0.58807E+02
    0.21815E-03    0.59957E+02
    0.22255E-03    0.61130E+02
    0.22705E-03    0.62325E+02
    0.23164E-03    0.63544E+02
    0.23632E-03    0.64786E+02
    0.24109E-03    0.66052E+02
    0.24596E-03    0.67344E+02
    0.25093E-03    0.68660E+02
    0.25600E-03    0.70002E+02
    0.26117E-03    0.71369E+02
    0.26645E-03    0.72764E+02
    0.27183E-03    0.74186E+02
    0.27732E-03    0.75635E+02
    0.28292E-03    0.77112E+02
    0.28864E-03    0.78618E+02
    0.29447E-03    0.80154E+02
    0.30042E-03    0.81719E+02
    0.30649E-03    0.83314E+02
    0.31268E-03    0.84940E+02
    0.31899E-03    0.86598E+02
    0.32544E-03    0.88288E+02
    0.33201E-03    0.90011E+02
    0.33872E-03    0.91767E+02
    0.34556E-03    0.93557E+02
    0.35254E-03    0.95381E+02
    0.35966E-03    0.97241E+02
    0.36693E-03    0.99137E+02
    0.37434E-03    0.10107E+03
    0.38190E-03    0.10304E+03
    0.38962E-03    0.10505E+03
    0.39749E-03    0.10709E+03
    0.40552E-03    0.10918E+03
    0.41371E-03    0.11130E+03
    0.42207E-03    0.11347E+03
    0.43060E-03    0.11568E+03
    0.43929E-03    0.11793E+03
    0.44817E-03    0.12022E+03
    0.45722E-03    0.12256E+03
    0.46646E-03    0.12494E+03
    0.47588E-03    0.12737E+03
    0.48550E-03    0.12985E+03
    0.49530E-03    0.13237E+03
    0.50531E-03    0.13494E+03
    0.51552E-03    0.13756E+03
    0.52593E-03    0.14022E+03
    0.53656E-03    0.14294E+03
    0.54739E-03    0.14571E+03
    0.55845E-03    0.14854E+03
    0.56973E-03    0.15141E+03
    0.58124E-03    0.15434E+03
    0.59299E-03    0.15733E+03
    0.60496E-03    0.16037E+03
    0.61719E-03    0.16347E+03
    0.62965E-03    0.16663E+03
    0.64237E-03    0.16985E+03
    0.65535E-03    0.17313E+03
    0.66859E-03    0.17647E+03
    0.68210E-03    0.17987E+03
    0.69588E-03    0.18334E+03
    0.70993E-03    0.18687E+03
    0.72427E-03    0.19046E+03
    0.73891E-03    0.19412E+03
    0.75383E-03    0.19785E+03
    0.76906E-03    0.20165E+03
    0.78460E-03    0.20552E+03
    0.80045E-03    0.20946E+03
    0.81662E-03    0.21347E+03
    0.83311E-03    0.21756E+03
    0.84994E-03    0.22171E+03
    0.86711E-03    0.22595E+03
    0.88463E-03    0.23026E+03
    0.90250E-03    0.23465E+03
    0.92073E-03    0.23912E+03
    0.93933E-03    0.24367E+03
    0.95831E-03    0.24830E+03
    0.97767E-03    0.25302E+03
    0.99742E-03    0.25781E+03
    0.10176E-02    0.26270E+03
    0.10381E-02    0.26767E+03
    0.10591E-02    0.27272E+03
    0.10805E-02    0.27787E+03
    0.11023E-02    0.28310E+03
    0.11246E-02    0.28843E+03
    0.11473E-02    0.29385E+03
    0.11705E-02    0.29936E+03
    0.11941E-02    0.30497E+03
    0.12182E-02    0.31067E+03
    0.12429E-02    0.31647E+03
    0.12680E-02    0.32237E+03
    0.12936E-02    0.32837E+03
    0.13197E-02    0.33447E+03
    0.13464E-02    0.34067E+03
    0.13736E-02    0.34698E+03
    0.14013E-02    0.35338E+03
    0.14296E-02    0.35990E+03
    0.14585E-02    0.36652E+03
    0.14880E-02    0.37324E+03
    0.15180E-02    0.38008E+03
    0.15487E-02    0.38703E+03
    0.15800E-02    0.39408E+03
    0.16119E-02    0.40125E+03
    0.16445E-02    0.40853E+03
    0.16777E-02    0.41592E+03
    0.17116E-02    0.42343E+03
    0.17462E-02    0.43105E+03
    0.17814E-02    0.43879E+03
    0.18174E-02    0.44664E+03
    0.18541E-02    0.45462E+03
    0.18916E-02    0.46271E+03
    0.19298E-02    0.47092E+03
    0.19688E-02    0.47925E+03
    0.20086E-02    0.48770E+03
    0.20491E-02    0.49627E+03
    0.20905E-02    0.50496E+03
    0.21328E-02    0.51377E+03
    0.21758E-02    0.52271E+03
    0.22198E-02    0.53176E+03
    0.22646E-02    0.54094E+03
    0.23104E-02    0.55024E+03
    0.23571E-02    0.55967E+03
    0.24047E-02    0.56921E+03
    0.24533E-02    0.57888E+03
    0.25028E-02    0.58867E+03
    0.25534E-02    0.59859E+03
    0.26050E-02    0.60863E+03
    0.26576E-02    0.61878E+03
    0.27113E-02    0.62906E+03
    0.27660E-02    0.63946E+03
    0.28219E-02    0.64998E+03
    0.28789E-02    0.66062E+03
    0.29371E-02    0.67137E+03
    0.29964E-02    0.68225E+03
    0.30569E-02    0.69324E+03
    0.31187E-02    0.70435E+03
    0.31817E-02    0.71557E+03
    0.32460E-02    0.72690E+03
    0.33115E-02    0.73834E+03
    0.33784E-02    0.74990E+03
    0.34467E-02    0.76156E+03
    0.35163E-02    0.77333E+03
    0.35874E-02    0.78520E+03
    0.36598E-02    0.79717E+03
    0.37338E-02    0.80925E+03
    0.38092E-02    0.82142E+03
    0.38861E-02    0.83369E+03
    0.39646E-02    0.84605E+03
    0.40447E-02    0.85850E+03
    0.41264E-02    0.87104E+03
    0.42098E-02    0.88366E+03
    0.42948E-02    0.89636E+03
    0.43816E-02    0.90914E+03
    0.44701E-02    0.92199E+03
    0.45604E-02    0.93491E+03
    0.46525E-02    0.94790E+03
    0.47465E-02    0.96095E+03
    0.48424E-02    0.97405E+03
    0.49402E-02    0.98721E+03
    0.50400E-02    0.10004E+04
    0.51419E-02    0.10137E+04
    0.52457E-02    0.10269E+04
    0.53517E-02    0.10403E+04
    0.54598E-02    0.10536E+04
    0.55701E-02    0.10670E+04
    0.56826E-02    0.10803E+04
    0.57974E-02    0.10937E+04
    0.59145E-02    0.11071E+04
    0.60340E-02    0.11205E+04
    0.61559E-02    0.11338E+04
    0.62803E-02    0.11472E+04
    0.64072E-02    0.11605E+04
    0.65366E-02    0.11738E+04
    0.66686E-02    0.11870E+04
    0.68033E-02    0.12002E+04
    0.69408E-02    0.12133E+04
    0.70810E-02    0.12264E+04
    0.72240E-02    0.12393E+04
    0.73700E-02    0.12522E+04
    0.75189E-02    0.12650E+04
    0.76708E-02    0.12777E+04
    0.78257E-02    0.12902E+04
    0.79838E-02    0.13027E+04
    0.81451E-02    0.13149E+04
    0.83096E-02    0.13271E+04
    0.84775E-02    0.13390E+04
    0.86488E-02    0.13508E+04
    0.88235E-02    0.13624E+04
    0.90017E-02    0.13738E+04
    0.91836E-02    0.13850E+04
    0.93691E-02    0.13960E+04
    0.95583E-02    0.14067E+04
    0.97514E-02    0.14172E+04
    0.99484E-02    0.14274E+04
    0.10149E-01    0.14373E+04
    0.10354E-01    0.14470E+04
    0.10564E-01    0.14563E+04
    0.10777E-01    0.14653E+04
    0.10995E-01    0.14739E+04
    0.11217E-01    0.14822E+04
    0.11443E-01    0.14902E+04
    0.11675E-01    0.14977E+04
    0.11910E-01    0.15049E+04
    0.12151E-01    0.15116E+04
    0.12397E-01    0.15179E+04
    0.12647E-01    0.15237E+04
    0.12902E-01    0.15291E+04
    0.13163E-01    0.15340E+04
    0.13429E-01    0.15383E+04
    0.13700E-01    0.15422E+04
    0.13977E-01    0.15456E+04
    0.14259E-01    0.15483E+04
    0.14547E-01    0.15506E+04
    0.14841E-01    0.15522E+04
    0.15141E-01    0.15533E+04
    0.15447E-01    0.15537E+04
    0.15759E-01    0.15535E+04
    0.16077E-01    0.15527E+04
    0.16402E-01    0.15512E+04
    0.16734E-01    0.15491E+04
    0.17072E-01    0.15463E+04
    0.17416E-01    0.15428E+04
    0.17768E-01    0.15386E+04
    0.18127E-01    0.15337E+04
    0.18493E-01    0.15281E+04
    0.18867E-01    0.15217E+04
    0.19248E-01    0.15147E+04
    0.19637E-01    0.15069E+04
    0.20034E-01    0.14984E+04
    0.20438E-01    0.14891E+04
    0.20851E-01    0.14791E+04
    0.21272E-01    0.14685E+04
    0.21702E-01    0.14570E+04
    0.22141E-01    0.14449E+04
    0.22588E-01    0.14321E+04
    0.23044E-01    0.14186E+04
    0.23510E-01    0.14044E+04
    0.23985E-01    0.13896E+04
    0.24469E-01    0.13741E+04
    0.24964E-01    0.13580E+04
    0.25468E-01    0.13413E+04
    0.25982E-01    0.13241E+04
    0.26507E-01    0.13064E+04
    0.27043E-01    0.12881E+04
    0.27589E-01    0.12694E+04
    0.28146E-01    0.12503E+04
    0.28715E-01    0.12309E+04
    0.29295E-01    0.12111E+04
    0.29887E-01    0.11910E+04
    0.30490E-01    0.11707E+04
    0.31106E-01    0.11502E+04
    0.31735E-01    0.11295E+04
    0.32376E-01    0.11088E+04
    0.33030E-01    0.10881E+04
    0.33697E-01    0.10675E+04
    0.34378E-01    0.10469E+04
    0.35072E-01    0.10264E+04
    0.35781E-01    0.10062E+04
    0.36504E-01    0.98619E+03
    0.37241E-01    0.96651E+03
    0.37993E-01    0.94718E+03
    0.38761E-01    0.92827E+03
    0.39544E-01    0.90980E+03
    0.40343E-01    0.89183E+03
    0.41158E-01    0.87439E+03
    0.41989E-01    0.85752E+03
    0.42838E-01    0.84123E+03
    0.43703E-01    0.82556E+03
    0.44586E-01    0.81052E+03
    0.45486E-01    0.79611E+03
    0.46405E-01    0.78235E+03
    0.47343E-01    0.76922E+03
    0.48299E-01    0.75672E+03
    0.49275E-01    0.74481E+03
    0.50270E-01    0.73347E+03
    0.51286E-01    0.72267E+03
    0.52322E-01    0.71235E+03
    0.53379E-01    0.70245E+03
    0.54457E-01    0.69291E+03
    0.55557E-01    0.68366E+03
    0.56680E-01    0.67462E+03
    0.57825E-01    0.66570E+03
    0.58993E-01    0.65681E+03
    0.60184E-01    0.64784E+03
    0.61400E-01    0.63872E+03
    0.62641E-01    0.62933E+03
    0.63906E-01    0.61959E+03
    0.65197E-01    0.60941E+03
    0.66514E-01    0.59871E+03
    0.67858E-01    0.58743E+03
    0.69229E-01    0.57552E+03
    0.70627E-01    0.56294E+03
    0.72054E-01    0.54969E+03
    0.73510E-01    0.53578E+03
    0.74994E-01    0.52125E+03
    0.76509E-01    0.50616E+03
    0.78055E-01    0.49060E+03
    0.79632E-01    0.47468E+03
    0.81241E-01    0.45853E+03
    0.82882E-01    0.44230E+03
    0.84556E-01    0.42614E+03
    0.86264E-01    0.41023E+03
    0.88007E-01    0.39472E+03
    0.89785E-01    0.37979E+03
    0.91598E-01    0.36556E+03
    0.93449E-01    0.35217E+03
    0.95337E-01    0.33973E+03
    0.97263E-01    0.32831E+03
    0.99227E-01    0.31795E+03
    0.10123E+00    0.30866E+03
    0.10328E+00    0.30041E+03
    0.10536E+00    0.29313E+03
    0.10749E+00    0.28672E+03
    0.10966E+00    0.28104E+03
    0.11188E+00    0.27592E+03
    0.11414E+00    0.27116E+03
    0.11644E+00    0.26657E+03
    0.11880E+00    0.26191E+03
    0.12120E+00    0.25700E+03
    0.12365E+00    0.25165E+03
    0.12614E+00    0.24571E+03
    0.12869E+00    0.23911E+03
    0.13129E+00    0.23182E+03
    0.13394E+00    0.22388E+03
    0.13665E+00    0.21540E+03
    0.13941E+00    0.20655E+03
    0.14223E+00    0.19755E+03
    0.14510E+00    0.18862E+03
    0.14803E+00    0.18001E+03
    0.15102E+00    0.17192E+03
    0.15407E+00    0.16455E+03
    0.15718E+00    0.15800E+03
    0.16036E+00    0.15233E+03
    0.16360E+00    0.14751E+03
    0.16690E+00    0.14345E+03
    0.17028E+00    0.13999E+03
    0.17371E+00    0.13692E+03
    0.17722E+00    0.13402E+03
    0.18080E+00    0.13105E+03
    0.18446E+00    0.12781E+03
    0.18818E+00    0.12416E+03
    0.19198E+00    0.12004E+03
    0.19586E+00    0.11548E+03
    0.19982E+00    0.11060E+03
    0.20386E+00    0.10558E+03
    0.20797E+00    0.10064E+03
    0.21218E+00    0.95976E+02
    0.21646E+00    0.91762E+02
    0.22083E+00    0.88084E+02
    0.22530E+00    0.84954E+02
    0.22985E+00    0.82297E+02
    0.23449E+00    0.79973E+02
    0.23923E+00    0.77806E+02
    0.24406E+00    0.75615E+02
    0.24899E+00    0.73262E+02
    0.25402E+00    0.70674E+02
    0.25915E+00    0.67866E+02
    0.26439E+00    0.64928E+02
    0.26973E+00    0.61997E+02
    0.27518E+00    0.59215E+02
    0.28074E+00    0.56692E+02
    0.28641E+00    0.54474E+02
    0.29219E+00    0.52536E+02
    0.29810E+00    0.50793E+02
    0.30412E+00    0.49134E+02
    0.31026E+00    0.47454E+02
    0.31653E+00    0.45691E+02
    0.32292E+00    0.43843E+02
    0.32945E+00    0.41965E+02
    0.33610E+00    0.40136E+02
    0.34289E+00    0.38429E+02
    0.34982E+00    0.36881E+02
    0.35689E+00    0.35480E+02
    0.36409E+00    0.34178E+02
    0.37145E+00    0.32912E+02
    0.37895E+00    0.31638E+02
    0.38661E+00    0.30347E+02
    0.39442E+00    0.29063E+02
    0.40239E+00    0.27826E+02
    0.41052E+00    0.26668E+02
    0.41881E+00    0.25594E+02
    0.42727E+00    0.24587E+02
    0.43590E+00    0.23615E+02
    0.44471E+00    0.22658E+02
    0.45369E+00    0.21714E+02
    0.46286E+00    0.20795E+02
    0.47221E+00    0.19919E+02
    0.48174E+00    0.19093E+02
    0.49148E+00    0.18310E+02
    0.50141E+00    0.17557E+02
    0.51153E+00    0.16825E+02
    0.52187E+00    0.16113E+02
    0.53241E+00    0.15428E+02
    0.54317E+00    0.14776E+02
    0.55414E+00    0.14154E+02
    0.56533E+00    0.13558E+02
    0.57675E+00    0.12982E+02
    0.58840E+00    0.12427E+02
    0.60029E+00    0.11895E+02
    0.61242E+00    0.11385E+02
    0.62479E+00    0.10898E+02
    0.63741E+00    0.10430E+02
    0.65029E+00    0.99800E+01
    0.66342E+00    0.95482E+01
    0.67683E+00    0.91342E+01
    0.69050E+00    0.87375E+01
    0.70445E+00    0.83575E+01
    0.71868E+00    0.79933E+01
    0.73320E+00    0.76443E+01
    0.74801E+00    0.73096E+01
    0.76312E+00    0.69889E+01
    0.77854E+00    0.66816E+01
    0.79426E+00    0.63871E+01
    0.81031E+00    0.61051E+01
    0.82668E+00    0.58350E+01
    0.84338E+00    0.55763E+01
    0.86041E+00    0.53286E+01
    0.87780E+00    0.50914E+01
    0.89553E+00    0.48644E+01
    0.91362E+00    0.46470E+01
    0.93208E+00    0.44391E+01
    0.95091E+00    0.42400E+01
    0.97011E+00    0.40496E+01
    0.98971E+00    0.38673E+01
    0.10097E+01    0.36929E+01
    0.10301E+01    0.35261E+01
    0.10509E+01    0.33666E+01
    0.10721E+01    0.32140E+01
    0.10938E+01    0.30680E+01
    0.11159E+01    0.29285E+01
    0.11384E+01    0.27950E+01
    0.11614E+01    0.26675E+01
    0.11849E+01    0.25456E+01
    0.12088E+01    0.24291E+01
    0.12333E+01    0.23177E+01
    0.12582E+01    0.22112E+01
    0.12836E+01    0.21095E+01
    0.13095E+01    0.20123E+01
    0.13360E+01    0.19194E+01
    0.13630E+01    0.18307E+01
    0.13905E+01    0.17460E+01
    0.14186E+01    0.16650E+01
    0.14472E+01    0.15878E+01
    0.14765E+01    0.15139E+01
    0.15063E+01    0.14434E+01
    0.15367E+01    0.13761E+01
    0.15678E+01    0.13119E+01
    0.15994E+01    0.12505E+01
    0.16318E+01    0.11920E+01
    0.16647E+01    0.11361E+01
    0.16984E+01    0.10828E+01
    0.17327E+01    0.10319E+01
    0.17677E+01    0.98328E+00
    0.18034E+01    0.93693E+00
    0.18398E+01    0.89271E+00
    0.18770E+01    0.85052E+00
    0.19149E+01    0.81027E+00
    0.19536E+01    0.77188E+00
    0.19930E+01    0.73526E+00
    0.20333E+01    0.70033E+00
    0.20744E+01    0.66703E+00
    0.21163E+01    0.63527E+00
    0.21590E+01    0.60498E+00
    0.22026E+01    0.57611E+00
    0.22471E+01    0.54858E+00
    0.22925E+01    0.52233E+00
    0.23388E+01    0.49731E+00
    0.23861E+01    0.47347E+00
    0.24343E+01    0.45074E+00
    0.24835E+01    0.42907E+00
    0.25336E+01    0.40843E+00
    0.25848E+01    0.38876E+00
    0.26370E+01    0.37001E+00
    0.26903E+01    0.35215E+00
    0.27447E+01    0.33513E+00
    0.28001E+01    0.31892E+00
    0.28567E+01    0.30348E+00
    0.29144E+01    0.28877E+00
    0.29733E+01    0.27475E+00
    0.30333E+01    0.26141E+00
    0.30946E+01    0.24870E+00
    0.31571E+01    0.23659E+00
    0.32209E+01    0.22506E+00
    0.32860E+01    0.21409E+00
    0.33523E+01    0.20364E+00
    0.34201E+01    0.19369E+00
    0.34892E+01    0.18421E+00
    0.35596E+01    0.17519E+00
    0.36316E+01    0.16661E+00
    0.37049E+01    0.15844E+00
    0.37798E+01    0.15066E+00
    0.38561E+01    0.14325E+00
    0.39340E+01    0.13621E+00
    0.40135E+01    0.12950E+00
    0.40946E+01    0.12312E+00
    0.41773E+01    0.11705E+00
    0.42617E+01    0.11127E+00
    0.43478E+01    0.10578E+00
    0.44356E+01    0.10055E+00
    0.45252E+01    0.95569E-01
    0.46166E+01    0.90836E-01
    0.47099E+01    0.86333E-01
    0.48050E+01    0.82050E-01
    0.49021E+01    0.77976E-01
    0.50011E+01    0.74101E-01
    0.51021E+01    0.70416E-01
    0.52052E+01    0.66911E-01
    0.53104E+01    0.63578E-01
    0.54176E+01    0.60408E-01
    0.55271E+01    0.57395E-01
    0.56387E+01    0.54529E-01
    0.57526E+01    0.51804E-01
    0.58689E+01    0.49214E-01
    0.59874E+01    0.46751E-01
    0.61084E+01    0.44409E-01
    0.62318E+01    0.42184E-01
    0.63577E+01    0.40068E-01
    0.64861E+01    0.38057E-01
    0.66171E+01    0.36145E-01
    0.67508E+01    0.34328E-01
    0.68872E+01    0.32602E-01
    0.70263E+01    0.30960E-01
    0.71682E+01    0.29401E-01
    0.73130E+01    0.27919E-01
    0.74608E+01    0.26511E-01
    0.76115E+01    0.25172E-01
    0.77653E+01    0.23901E-01
    0.79221E+01    0.22693E-01
    0.80822E+01    0.21545E-01
    0.82454E+01    0.20455E-01
    0.84120E+01    0.19419E-01
    0.85819E+01    0.18434E-01
    0.87553E+01    0.17500E-01
    0.89322E+01    0.16612E-01
    0.91126E+01    0.15768E-01
    0.92967E+01    0.14967E-01
    0.94845E+01    0.14206E-01
    0.96761E+01    0.13483E-01
    0.98716E+01    0.12797E-01
    0.10071E+02    0.12145E-01
    0.10274E+02    0.11526E-01
    0.10482E+02    0.10938E-01
    0.10694E+02    0.10380E-01
    0.10910E+02    0.98500E-02
    0.11130E+02    0.93468E-02
    0.11355E+02    0.88690E-02
    0.11584E+02    0.84153E-02
    0.11818E+02    0.79846E-02
    0.12057E+02    0.75758E-02
    0.12301E+02    0.71876E-02
    0.12549E+02    0.68191E-02
    0.12803E+02    0.64693E-02
    0.13061E+02    0.61372E-02
    0.13325E+02    0.58221E-02
    0.13594E+02    0.55229E-02
    0.13869E+02    0.52390E-02
    0.14149E+02    0.49695E-02
    0.14435E+02    0.47137E-02
    0.14727E+02    0.44710E-02
    0.15024E+02    0.42406E-02
    0.15328E+02    0.40220E-02
    0.15637E+02    0.38146E-02
    0.15953E+02    0.36177E-02
    0.16275E+02    0.34309E-02
    0.16604E+02    0.32537E-02
    0.16940E+02    0.30855E-02
    0.17282E+02    0.29260E-02
    0.17631E+02    0.27746E-02
    0.17987E+02    0.26310E-02
    0.18351E+02    0.24947E-02
    0.18721E+02    0.23655E-02
    0.19099E+02    0.22428E-02
    0.19485E+02    0.21265E-02
    0.19879E+02    0.20161E-02
    0.20280E+02    0.19115E-02
    0.20690E+02    0.18122E-02
    0.21108E+02    0.17180E-02
    0.21535E+02    0.16287E-02
    0.21970E+02    0.15440E-02
    0.22413E+02    0.14636E-02
    0.22866E+02    0.13874E-02
    0.23328E+02    0.13151E-02
    0.23799E+02    0.12466E-02
    0.24280E+02    0.11816E-02
    0.24771E+02    0.11200E-02
    0.25271E+02    0.10615E-02
    0.25782E+02    0.10061E-02
    0.26302E+02    0.95352E-03
    0.26834E+02    0.90369E-03
    0.27376E+02    0.85644E-03
    0.27929E+02    0.81164E-03
    0.28493E+02    0.76917E-03
    0.29069E+02    0.72889E-03
    0.29656E+02    0.69071E-03
    0.30255E+02    0.65452E-03
    0.30866E+02    0.62020E-03
    0.31490E+02    0.58767E-03
    0.32126E+02    0.55683E-03
    0.32775E+02    0.52760E-03
    0.33437E+02    0.49989E-03
    0.34112E+02    0.47363E-03
    0.34801E+02    0.44873E-03
    0.35504E+02    0.42513E-03
    0.36222E+02    0.40276E-03
    0.36953E+02    0.38156E-03
    0.37700E+02    0.36147E-03
    0.38462E+02    0.34242E-03
    0.39239E+02    0.32438E-03
    0.40031E+02    0.30727E-03
    0.40840E+02    0.29106E-03
    0.41665E+02    0.27570E-03
    0.42507E+02    0.26114E-03
    0.43365E+02    0.24735E-03
    0.44241E+02    0.23428E-03
    0.45135E+02    0.22189E-03
    0.46047E+02    0.21015E-03
    0.46977E+02    0.19903E-03
    0.47926E+02    0.18849E-03
    0.48894E+02    0.17851E-03
    0.49882E+02    0.16905E-03
    0.50890E+02    0.16009E-03
    0.51918E+02    0.15160E-03
    0.52966E+02    0.14355E-03
    0.54036E+02    0.13593E-03
    0.55128E+02    0.12871E-03
    0.56242E+02    0.12187E-03
    0.57378E+02    0.11539E-03
    0.58537E+02    0.10926E-03
    0.59720E+02    0.10344E-03
    0.60926E+02    0.97936E-04
    0.62157E+02    0.92720E-04
    0.63412E+02    0.87779E-04
    0.64693E+02    0.83099E-04
    0.66000E+02    0.78666E-04
    0.67334E+02    0.74468E-04
    0.68694E+02    0.70491E-04
    0.70082E+02    0.66725E-04
    0.71497E+02    0.63159E-04
    0.72942E+02    0.59781E-04
    0.74415E+02    0.56582E-04
    0.75918E+02    0.53553E-04
    0.77452E+02    0.50684E-04
    0.79017E+02    0.47968E-04
    0.80613E+02    0.45395E-04
    0.82241E+02    0.42960E-04
    0.83903E+02    0.40653E-04
    0.85598E+02    0.38469E-04
    0.87327E+02    0.36401E-04
    0.89091E+02    0.34444E-04
    0.90891E+02    0.32590E-04
    0.92727E+02    0.30835E-04
    0.94600E+02    0.29173E-04
    0.96511E+02    0.27600E-04
    0.98461E+02    0.26111E-04
    0.10045E+03    0.24701E-04
    0.10248E+03    0.23366E-04
    0.10455E+03    0.22103E-04
    0.10666E+03    0.20907E-04
    0.10882E+03    0.19775E-04
    0.11101E+03    0.18703E-04
    0.11326E+03    0.17689E-04
    0.11554E+03    0.16729E-04
    0.11788E+03    0.15820E-04
    0.12026E+03    0.14960E-04
    0.12269E+03    0.14146E-04
    0.12517E+03    0.13376E-04
    0.12770E+03    0.12647E-04
    0.13028E+03    0.11957E-04
    0.13291E+03    0.11304E-04
    0.13559E+03    0.10687E-04
    0.13833E+03    0.10102E-04
    0.14113E+03    0.95489E-05
    0.14398E+03    0.90255E-05
    0.14689E+03    0.85303E-05
    0.14985E+03    0.80618E-05
    0.15288E+03    0.76185E-05
    0.15597E+03    0.71991E-05
    0.15912E+03    0.68024E-05
    0.16233E+03    0.64271E-05
    0.16561E+03    0.60720E-05
    0.16896E+03    0.57362E-05
    0.17237E+03    0.54185E-05
    0.17585E+03    0.51181E-05
    0.17941E+03    0.48339E-05
    0.18303E+03    0.45652E-05
    0.18673E+03    0.43110E-05
    0.19050E+03    0.40707E-05
    0.19435E+03    0.38434E-05
    0.19828E+03    0.36285E-05
    0.20228E+03    0.34253E-05
    0.20637E+03    0.32331E-05
    0.21054E+03    0.30515E-05
    0.21479E+03    0.28798E-05
    0.21913E+03    0.27175E-05
    0.22356E+03    0.25640E-05
    0.22807E+03    0.24190E-05
    0.23268E+03    0.22819E-05
    0.23738E+03    0.21524E-05
    0.24217E+03    0.20300E-05
    0.24707E+03    0.19143E-05
    0.25206E+03    0.18050E-05
    0.25715E+03    0.17018E-05
    0.26234E+03    0.16042E-05
    0.26764E+03    0.15121E-05
    0.27305E+03    0.14251E-05
    0.27857E+03    0.13429E-05
    0.28419E+03    0.12653E-05
    0.28994E+03    0.11920E-05
    0.29579E+03    0.11228E-05
    0.30177E+03    0.10574E-05
    0.30786E+03    0.99577E-06
    0.31408E+03    0.93756E-06
    0.32043E+03    0.88264E-06
    0.32690E+03    0.83081E-06
    0.33351E+03    0.78190E-06
    0.34024E+03    0.73577E-06
    0.34712E+03    0.69226E-06
    0.35413E+03    0.65122E-06
    0.36128E+03    0.61253E-06
    0.36858E+03    0.57604E-06
    0.37603E+03    0.54165E-06
    0.38362E+03    0.50924E-06
    0.39137E+03    0.47869E-06
    0.39928E+03    0.44991E-06
    0.40734E+03    0.42280E-06
    0.41557E+03    0.39726E-06
    0.42397E+03    0.37322E-06
    0.43253E+03    0.35058E-06
    0.44127E+03    0.32926E-06
    0.45019E+03    0.30921E-06
    0.45928E+03    0.29033E-06
    0.46856E+03    0.27258E-06
    0.47802E+03    0.25588E-06
    0.48768E+03    0.24017E-06
    0.49753E+03    0.22540E-06
    0.50758E+03    0.21151E-06
    0.51784E+03    0.19846E-06
    0.52830E+03    0.18621E-06
