#           k/h    P           
    0.10000E-03    0.51665E+01
    0.10202E-03    0.52677E+01
    0.10408E-03    0.53708E+01
    0.10618E-03    0.54760E+01
    0.10833E-03    0.55832E+01
    0.11052E-03    0.56926E+01
    0.11275E-03    0.58040E+01
    0.11503E-03    0.59177E+01
    0.11735E-03    0.60336E+01
    0.11972E-03    0.61517E+01
    0.12214E-03    0.62722E+01
    0.12461E-03    0.63950E+01
    0.12712E-03    0.65202E+01
    0.12969E-03    0.66479E+01
    0.13231E-03    0.67780E+01
    0.13499E-03    0.69107E+01
    0.13771E-03    0.70460E+01
    0.14049E-03    0.71840E+01
    0.14333E-03    0.73246E+01
    0.14623E-03    0.74680E+01
    0.14918E-03    0.76142E+01
    0.15220E-03    0.77633E+01
    0.15527E-03    0.79152E+01
    0.15841E-03    0.80702E+01
    0.16161E-03    0.82282E+01
    0.16487E-03    0.83892E+01
    0.16820E-03    0.85534E+01
    0.17160E-03    0.87208E+01
    0.17507E-03    0.88915E+01
    0.17860E-03    0.90655E+01
    0.18221E-03    0.92430E+01
    0.18589E-03    0.94238E+01
    0.18965E-03    0.96083E+01
    0.19348E-03    0.97963E+01
    0.19739E-03    0.99880E+01
    0.20138E-03    0.10183E+02
    0.20544E-03    0.10383E+02
    0.20959E-03    0.10586E+02
    0.21383E-03    0.10793E+02
    0.21815E-03    0.11004E+02
    0.22255E-03    0.11219E+02
    0.22705E-03    0.11439E+02
    0.23164E-03    0.11662E+02
    0.23632E-03    0.11891E+02
    0.24109E-03    0.12123E+02
    0.24596E-03    0.12360E+02
    0.25093E-03    0.12602E+02
    0.25600E-03    0.12848E+02
    0.26117E-03    0.13099E+02
    0.26645E-03    0.13355E+02
    0.27183E-03    0.13617E+02
    0.27732E-03    0.13883E+02
    0.28292E-03    0.14154E+02
    0.28864E-03    0.14431E+02
    0.29447E-03    0.14713E+02
    0.30042E-03    0.15000E+02
    0.30649E-03    0.15293E+02
    0.31268E-03    0.15592E+02
    0.31899E-03    0.15896E+02
    0.32544E-03    0.16207E+02
    0.33201E-03    0.16523E+02
    0.33872E-03    0.16846E+02
    0.34556E-03    0.17175E+02
    0.35254E-03    0.17510E+02
    0.35966E-03    0.17852E+02
    0.36693E-03    0.18200E+02
    0.37434E-03    0.18555E+02
    0.38190E-03    0.18917E+02
    0.38962E-03    0.19286E+02
    0.39749E-03    0.19662E+02
    0.40552E-03    0.20046E+02
    0.41371E-03    0.20436E+02
    0.42207E-03    0.20835E+02
    0.43060E-03    0.21241E+02
    0.43929E-03    0.21654E+02
    0.44817E-03    0.22076E+02
    0.45722E-03    0.22506E+02
    0.46646E-03    0.22944E+02
    0.47588E-03    0.23391E+02
    0.48550E-03    0.23846E+02
    0.49530E-03    0.24310E+02
    0.50531E-03    0.24783E+02
    0.51552E-03    0.25264E+02
    0.52593E-03    0.25755E+02
    0.53656E-03    0.26256E+02
    0.54739E-03    0.26766E+02
    0.55845E-03    0.27285E+02
    0.56973E-03    0.27815E+02
    0.58124E-03    0.28355E+02
    0.59299E-03    0.28905E+02
    0.60496E-03    0.29465E+02
    0.61719E-03    0.30036E+02
    0.62965E-03    0.30618E+02
    0.64237E-03    0.31211E+02
    0.65535E-03    0.31815E+02
    0.66859E-03    0.32430E+02
    0.68210E-03    0.33057E+02
    0.69588E-03    0.33696E+02
    0.70993E-03    0.34347E+02
    0.72427E-03    0.35010E+02
    0.73891E-03    0.35686E+02
    0.75383E-03    0.36374E+02
    0.76906E-03    0.37075E+02
    0.78460E-03    0.37788E+02
    0.80045E-03    0.38516E+02
    0.81662E-03    0.39256E+02
    0.83311E-03    0.40011E+02
    0.84994E-03    0.40779E+02
    0.86711E-03    0.41562E+02
    0.88463E-03    0.42359E+02
    0.90250E-03    0.43170E+02
    0.92073E-03    0.43996E+02
    0.93933E-03    0.44838E+02
    0.95831E-03    0.45695E+02
    0.97767E-03    0.46567E+02
    0.99742E-03    0.47455E+02
    0.10176E-02    0.48359E+02
    0.10381E-02    0.49279E+02
    0.10591E-02    0.50216E+02
    0.10805E-02    0.51170E+02
    0.11023E-02    0.52140E+02
    0.11246E-02    0.53128E+02
    0.11473E-02    0.54133E+02
    0.11705E-02    0.55156E+02
    0.11941E-02    0.56197E+02
    0.12182E-02    0.57256E+02
    0.12429E-02    0.58333E+02
    0.12680E-02    0.59430E+02
    0.12936E-02    0.60545E+02
    0.13197E-02    0.61679E+02
    0.13464E-02    0.62833E+02
    0.13736E-02    0.64006E+02
    0.14013E-02    0.65199E+02
    0.14296E-02    0.66412E+02
    0.14585E-02    0.67646E+02
    0.14880E-02    0.68900E+02
    0.15180E-02    0.70175E+02
    0.15487E-02    0.71471E+02
    0.15800E-02    0.72789E+02
    0.16119E-02    0.74128E+02
    0.16445E-02    0.75488E+02
    0.16777E-02    0.76871E+02
    0.17116E-02    0.78275E+02
    0.17462E-02    0.79703E+02
    0.17814E-02    0.81152E+02
    0.18174E-02    0.82625E+02
    0.18541E-02    0.84120E+02
    0.18916E-02    0.85639E+02
    0.19298E-02    0.87181E+02
    0.19688E-02    0.88746E+02
    0.20086E-02    0.90335E+02
    0.20491E-02    0.91948E+02
    0.20905E-02    0.93586E+02
    0.21328E-02    0.95247E+02
    0.21758E-02    0.96933E+02
    0.22198E-02    0.98643E+02
    0.22646E-02    0.10038E+03
    0.23104E-02    0.10214E+03
    0.23571E-02    0.10392E+03
    0.24047E-02    0.10573E+03
    0.24533E-02    0.10757E+03
    0.25028E-02    0.10943E+03
    0.25534E-02    0.11131E+03
    0.26050E-02    0.11323E+03
    0.26576E-02    0.11516E+03
    0.27113E-02    0.11712E+03
    0.27660E-02    0.11911E+03
    0.28219E-02    0.12113E+03
    0.28789E-02    0.12316E+03
    0.29371E-02    0.12523E+03
    0.29964E-02    0.12732E+03
    0.30569E-02    0.12943E+03
    0.31187E-02    0.13158E+03
    0.31817E-02    0.13374E+03
    0.32460E-02    0.13593E+03
    0.33115E-02    0.13815E+03
    0.33784E-02    0.14039E+03
    0.34467E-02    0.14266E+03
    0.35163E-02    0.14495E+03
    0.35874E-02    0.14726E+03
    0.36598E-02    0.14960E+03
    0.37338E-02    0.15197E+03
    0.38092E-02    0.15435E+03
    0.38861E-02    0.15676E+03
    0.39646E-02    0.15920E+03
    0.40447E-02    0.16165E+03
    0.41264E-02    0.16413E+03
    0.42098E-02    0.16663E+03
    0.42948E-02    0.16915E+03
    0.43816E-02    0.17169E+03
    0.44701E-02    0.17425E+03
    0.45604E-02    0.17683E+03
    0.46525E-02    0.17943E+03
    0.47465E-02    0.18204E+03
    0.48424E-02    0.18468E+03
    0.49402E-02    0.18733E+03
    0.50400E-02    0.18999E+03
    0.51419E-02    0.19268E+03
    0.52457E-02    0.19537E+03
    0.53517E-02    0.19808E+03
    0.54598E-02    0.20081E+03
    0.55701E-02    0.20354E+03
    0.56826E-02    0.20629E+03
    0.57974E-02    0.20904E+03
    0.59145E-02    0.21180E+03
    0.60340E-02    0.21457E+03
    0.61559E-02    0.21735E+03
    0.62803E-02    0.22013E+03
    0.64072E-02    0.22292E+03
    0.65366E-02    0.22570E+03
    0.66686E-02    0.22849E+03
    0.68033E-02    0.23127E+03
    0.69408E-02    0.23406E+03
    0.70810E-02    0.23683E+03
    0.72240E-02    0.23961E+03
    0.73700E-02    0.24237E+03
    0.75189E-02    0.24513E+03
    0.76708E-02    0.24787E+03
    0.78257E-02    0.25060E+03
    0.79838E-02    0.25332E+03
    0.81451E-02    0.25602E+03
    0.83096E-02    0.25869E+03
    0.84775E-02    0.26135E+03
    0.86488E-02    0.26399E+03
    0.88235E-02    0.26659E+03
    0.90017E-02    0.26917E+03
    0.91836E-02    0.27172E+03
    0.93691E-02    0.27424E+03
    0.95583E-02    0.27671E+03
    0.97514E-02    0.27915E+03
    0.99484E-02    0.28155E+03
    0.10149E-01    0.28391E+03
    0.10354E-01    0.28621E+03
    0.10564E-01    0.28847E+03
    0.10777E-01    0.29067E+03
    0.10995E-01    0.29282E+03
    0.11217E-01    0.29490E+03
    0.11443E-01    0.29693E+03
    0.11675E-01    0.29889E+03
    0.11910E-01    0.30078E+03
    0.12151E-01    0.30260E+03
    0.12397E-01    0.30434E+03
    0.12647E-01    0.30600E+03
    0.12902E-01    0.30758E+03
    0.13163E-01    0.30908E+03
    0.13429E-01    0.31048E+03
    0.13700E-01    0.31180E+03
    0.13977E-01    0.31301E+03
    0.14259E-01    0.31413E+03
    0.14547E-01    0.31514E+03
    0.14841E-01    0.31605E+03
    0.15141E-01    0.31684E+03
    0.15447E-01    0.31752E+03
    0.15759E-01    0.31808E+03
    0.16077E-01    0.31852E+03
    0.16402E-01    0.31884E+03
    0.16734E-01    0.31903E+03
    0.17072E-01    0.31910E+03
    0.17416E-01    0.31903E+03
    0.17768E-01    0.31882E+03
    0.18127E-01    0.31847E+03
    0.18493E-01    0.31799E+03
    0.18867E-01    0.31736E+03
    0.19248E-01    0.31659E+03
    0.19637E-01    0.31567E+03
    0.20034E-01    0.31460E+03
    0.20438E-01    0.31339E+03
    0.20851E-01    0.31202E+03
    0.21272E-01    0.31051E+03
    0.21702E-01    0.30884E+03
    0.22141E-01    0.30703E+03
    0.22588E-01    0.30506E+03
    0.23044E-01    0.30295E+03
    0.23510E-01    0.30069E+03
    0.23985E-01    0.29829E+03
    0.24469E-01    0.29575E+03
    0.24964E-01    0.29307E+03
    0.25468E-01    0.29026E+03
    0.25982E-01    0.28732E+03
    0.26507E-01    0.28425E+03
    0.27043E-01    0.28106E+03
    0.27589E-01    0.27776E+03
    0.28146E-01    0.27435E+03
    0.28715E-01    0.27085E+03
    0.29295E-01    0.26725E+03
    0.29887E-01    0.26356E+03
    0.30490E-01    0.25981E+03
    0.31106E-01    0.25598E+03
    0.31735E-01    0.25210E+03
    0.32376E-01    0.24818E+03
    0.33030E-01    0.24421E+03
    0.33697E-01    0.24023E+03
    0.34378E-01    0.23623E+03
    0.35072E-01    0.23222E+03
    0.35781E-01    0.22822E+03
    0.36504E-01    0.22425E+03
    0.37241E-01    0.22030E+03
    0.37993E-01    0.21639E+03
    0.38761E-01    0.21254E+03
    0.39544E-01    0.20874E+03
    0.40343E-01    0.20502E+03
    0.41158E-01    0.20137E+03
    0.41989E-01    0.19782E+03
    0.42838E-01    0.19436E+03
    0.43703E-01    0.19100E+03
    0.44586E-01    0.18775E+03
    0.45486E-01    0.18461E+03
    0.46405E-01    0.18158E+03
    0.47343E-01    0.17867E+03
    0.48299E-01    0.17588E+03
    0.49275E-01    0.17320E+03
    0.50270E-01    0.17063E+03
    0.51286E-01    0.16816E+03
    0.52322E-01    0.16579E+03
    0.53379E-01    0.16352E+03
    0.54457E-01    0.16132E+03
    0.55557E-01    0.15919E+03
    0.56680E-01    0.15712E+03
    0.57825E-01    0.15508E+03
    0.58993E-01    0.15306E+03
    0.60184E-01    0.15105E+03
    0.61400E-01    0.14902E+03
    0.62641E-01    0.14696E+03
    0.63906E-01    0.14485E+03
    0.65197E-01    0.14266E+03
    0.66514E-01    0.14039E+03
    0.67858E-01    0.13801E+03
    0.69229E-01    0.13552E+03
    0.70627E-01    0.13290E+03
    0.72054E-01    0.13014E+03
    0.73510E-01    0.12725E+03
    0.74994E-01    0.12423E+03
    0.76509E-01    0.12107E+03
    0.78055E-01    0.11780E+03
    0.79632E-01    0.11443E+03
    0.81241E-01    0.11099E+03
    0.82882E-01    0.10749E+03
    0.84556E-01    0.10397E+03
    0.86264E-01    0.10046E+03
    0.88007E-01    0.96986E+02
    0.89785E-01    0.93591E+02
    0.91598E-01    0.90305E+02
    0.93449E-01    0.87157E+02
    0.95337E-01    0.84176E+02
    0.97263E-01    0.81384E+02
    0.99227E-01    0.78796E+02
    0.10123E+00    0.76425E+02
    0.10328E+00    0.74272E+02
    0.10536E+00    0.72334E+02
    0.10749E+00    0.70597E+02
    0.10966E+00    0.69042E+02
    0.11188E+00    0.67641E+02
    0.11414E+00    0.66360E+02
    0.11644E+00    0.65160E+02
    0.11880E+00    0.63999E+02
    0.12120E+00    0.62833E+02
    0.12365E+00    0.61620E+02
    0.12614E+00    0.60322E+02
    0.12869E+00    0.58911E+02
    0.13129E+00    0.57367E+02
    0.13394E+00    0.55684E+02
    0.13665E+00    0.53869E+02
    0.13941E+00    0.51943E+02
    0.14223E+00    0.49939E+02
    0.14510E+00    0.47900E+02
    0.14803E+00    0.45874E+02
    0.15102E+00    0.43911E+02
    0.15407E+00    0.42055E+02
    0.15718E+00    0.40346E+02
    0.16036E+00    0.38808E+02
    0.16360E+00    0.37453E+02
    0.16690E+00    0.36280E+02
    0.17028E+00    0.35270E+02
    0.17371E+00    0.34391E+02
    0.17722E+00    0.33602E+02
    0.18080E+00    0.32854E+02
    0.18446E+00    0.32098E+02
    0.18818E+00    0.31292E+02
    0.19198E+00    0.30406E+02
    0.19586E+00    0.29424E+02
    0.19982E+00    0.28352E+02
    0.20386E+00    0.27213E+02
    0.20797E+00    0.26043E+02
    0.21218E+00    0.24889E+02
    0.21646E+00    0.23792E+02
    0.22083E+00    0.22789E+02
    0.22530E+00    0.21900E+02
    0.22985E+00    0.21129E+02
    0.23449E+00    0.20462E+02
    0.23923E+00    0.19871E+02
    0.24406E+00    0.19318E+02
    0.24899E+00    0.18766E+02
    0.25402E+00    0.18183E+02
    0.25915E+00    0.17554E+02
    0.26439E+00    0.16880E+02
    0.26973E+00    0.16178E+02
    0.27518E+00    0.15478E+02
    0.28074E+00    0.14809E+02
    0.28641E+00    0.14195E+02
    0.29219E+00    0.13648E+02
    0.29810E+00    0.13163E+02
    0.30412E+00    0.12723E+02
    0.31026E+00    0.12305E+02
    0.31653E+00    0.11885E+02
    0.32292E+00    0.11451E+02
    0.32945E+00    0.11000E+02
    0.33610E+00    0.10542E+02
    0.34289E+00    0.10096E+02
    0.34982E+00    0.96763E+01
    0.35689E+00    0.92919E+01
    0.36409E+00    0.89410E+01
    0.37145E+00    0.86135E+01
    0.37895E+00    0.82963E+01
    0.38661E+00    0.79794E+01
    0.39442E+00    0.76600E+01
    0.40239E+00    0.73429E+01
    0.41052E+00    0.70366E+01
    0.41881E+00    0.67481E+01
    0.42727E+00    0.64791E+01
    0.43590E+00    0.62259E+01
    0.44471E+00    0.59821E+01
    0.45369E+00    0.57428E+01
    0.46286E+00    0.55072E+01
    0.47221E+00    0.52779E+01
    0.48174E+00    0.50587E+01
    0.49148E+00    0.48512E+01
    0.50141E+00    0.46542E+01
    0.51153E+00    0.44647E+01
    0.52187E+00    0.42808E+01
    0.53241E+00    0.41021E+01
    0.54317E+00    0.39300E+01
    0.55414E+00    0.37656E+01
    0.56533E+00    0.36087E+01
    0.57675E+00    0.34583E+01
    0.58840E+00    0.33131E+01
    0.60029E+00    0.31731E+01
    0.61242E+00    0.30385E+01
    0.62479E+00    0.29098E+01
    0.63741E+00    0.27864E+01
    0.65029E+00    0.26680E+01
    0.66342E+00    0.25541E+01
    0.67683E+00    0.24448E+01
    0.69050E+00    0.23398E+01
    0.70445E+00    0.22392E+01
    0.71868E+00    0.21427E+01
    0.73320E+00    0.20502E+01
    0.74801E+00    0.19614E+01
    0.76312E+00    0.18764E+01
    0.77854E+00    0.17948E+01
    0.79426E+00    0.17166E+01
    0.81031E+00    0.16416E+01
    0.82668E+00    0.15697E+01
    0.84338E+00    0.15009E+01
    0.86041E+00    0.14349E+01
    0.87780E+00    0.13717E+01
    0.89553E+00    0.13112E+01
    0.91362E+00    0.12532E+01
    0.93208E+00    0.11977E+01
    0.95091E+00    0.11445E+01
    0.97011E+00    0.10936E+01
    0.98971E+00    0.10448E+01
    0.10097E+01    0.99819E+00
    0.10301E+01    0.95352E+00
    0.10509E+01    0.91078E+00
    0.10721E+01    0.86987E+00
    0.10938E+01    0.83073E+00
    0.11159E+01    0.79329E+00
    0.11384E+01    0.75747E+00
    0.11614E+01    0.72321E+00
    0.11849E+01    0.69044E+00
    0.12088E+01    0.65911E+00
    0.12333E+01    0.62914E+00
    0.12582E+01    0.60049E+00
    0.12836E+01    0.57309E+00
    0.13095E+01    0.54690E+00
    0.13360E+01    0.52187E+00
    0.13630E+01    0.49794E+00
    0.13905E+01    0.47508E+00
    0.14186E+01    0.45323E+00
    0.14472E+01    0.43235E+00
    0.14765E+01    0.41241E+00
    0.15063E+01    0.39335E+00
    0.15367E+01    0.37515E+00
    0.15678E+01    0.35776E+00
    0.15994E+01    0.34116E+00
    0.16318E+01    0.32530E+00
    0.16647E+01    0.31016E+00
    0.16984E+01    0.29570E+00
    0.17327E+01    0.28190E+00
    0.17677E+01    0.26872E+00
    0.18034E+01    0.25614E+00
    0.18398E+01    0.24413E+00
    0.18770E+01    0.23267E+00
    0.19149E+01    0.22174E+00
    0.19536E+01    0.21130E+00
    0.19930E+01    0.20134E+00
    0.20333E+01    0.19184E+00
    0.20744E+01    0.18278E+00
    0.21163E+01    0.17413E+00
    0.21590E+01    0.16588E+00
    0.22026E+01    0.15801E+00
    0.22471E+01    0.15051E+00
    0.22925E+01    0.14335E+00
    0.23388E+01    0.13653E+00
    0.23861E+01    0.13002E+00
    0.24343E+01    0.12381E+00
    0.24835E+01    0.11790E+00
    0.25336E+01    0.11226E+00
    0.25848E+01    0.10688E+00
    0.26370E+01    0.10176E+00
    0.26903E+01    0.96875E-01
    0.27447E+01    0.92219E-01
    0.28001E+01    0.87783E-01
    0.28567E+01    0.83555E-01
    0.29144E+01    0.79527E-01
    0.29733E+01    0.75689E-01
    0.30333E+01    0.72032E-01
    0.30946E+01    0.68547E-01
    0.31571E+01    0.65228E-01
    0.32209E+01    0.62067E-01
    0.32860E+01    0.59055E-01
    0.33523E+01    0.56187E-01
    0.34201E+01    0.53455E-01
    0.34892E+01    0.50854E-01
    0.35596E+01    0.48376E-01
    0.36316E+01    0.46017E-01
    0.37049E+01    0.43771E-01
    0.37798E+01    0.41632E-01
    0.38561E+01    0.39596E-01
    0.39340E+01    0.37658E-01
    0.40135E+01    0.35813E-01
    0.40946E+01    0.34056E-01
    0.41773E+01    0.32384E-01
    0.42617E+01    0.30793E-01
    0.43478E+01    0.29279E-01
    0.44356E+01    0.27838E-01
    0.45252E+01    0.26466E-01
    0.46166E+01    0.25161E-01
    0.47099E+01    0.23919E-01
    0.48050E+01    0.22738E-01
    0.49021E+01    0.21613E-01
    0.50011E+01    0.20544E-01
    0.51021E+01    0.19527E-01
    0.52052E+01    0.18559E-01
    0.53104E+01    0.17638E-01
    0.54176E+01    0.16762E-01
    0.55271E+01    0.15929E-01
    0.56387E+01    0.15137E-01
    0.57526E+01    0.14384E-01
    0.58689E+01    0.13667E-01
    0.59874E+01    0.12986E-01
    0.61084E+01    0.12338E-01
    0.62318E+01    0.11722E-01
    0.63577E+01    0.11137E-01
    0.64861E+01    0.10580E-01
    0.66171E+01    0.10050E-01
    0.67508E+01    0.95470E-02
    0.68872E+01    0.90685E-02
    0.70263E+01    0.86137E-02
    0.71682E+01    0.81814E-02
    0.73130E+01    0.77705E-02
    0.74608E+01    0.73799E-02
    0.76115E+01    0.70087E-02
    0.77653E+01    0.66560E-02
    0.79221E+01    0.63207E-02
    0.80822E+01    0.60021E-02
    0.82454E+01    0.56994E-02
    0.84120E+01    0.54117E-02
    0.85819E+01    0.51384E-02
    0.87553E+01    0.48786E-02
    0.89322E+01    0.46319E-02
    0.91126E+01    0.43975E-02
    0.92967E+01    0.41748E-02
    0.94845E+01    0.39632E-02
    0.96761E+01    0.37622E-02
    0.98716E+01    0.35713E-02
    0.10071E+02    0.33900E-02
    0.10274E+02    0.32178E-02
    0.10482E+02    0.30542E-02
    0.10694E+02    0.28988E-02
    0.10910E+02    0.27512E-02
    0.11130E+02    0.26111E-02
    0.11355E+02    0.24780E-02
    0.11584E+02    0.23517E-02
    0.11818E+02    0.22317E-02
    0.12057E+02    0.21177E-02
    0.12301E+02    0.20095E-02
    0.12549E+02    0.19068E-02
    0.12803E+02    0.18093E-02
    0.13061E+02    0.17167E-02
    0.13325E+02    0.16288E-02
    0.13594E+02    0.15453E-02
    0.13869E+02    0.14661E-02
    0.14149E+02    0.13909E-02
    0.14435E+02    0.13195E-02
    0.14727E+02    0.12518E-02
    0.15024E+02    0.11874E-02
    0.15328E+02    0.11264E-02
    0.15637E+02    0.10685E-02
    0.15953E+02    0.10135E-02
    0.16275E+02    0.96128E-03
    0.16604E+02    0.91176E-03
    0.16940E+02    0.86476E-03
    0.17282E+02    0.82016E-03
    0.17631E+02    0.77784E-03
    0.17987E+02    0.73768E-03
    0.18351E+02    0.69957E-03
    0.18721E+02    0.66342E-03
    0.19099E+02    0.62911E-03
    0.19485E+02    0.59656E-03
    0.19879E+02    0.56569E-03
    0.20280E+02    0.53639E-03
    0.20690E+02    0.50860E-03
    0.21108E+02    0.48223E-03
    0.21535E+02    0.45722E-03
    0.21970E+02    0.43350E-03
    0.22413E+02    0.41099E-03
    0.22866E+02    0.38964E-03
    0.23328E+02    0.36940E-03
    0.23799E+02    0.35019E-03
    0.24280E+02    0.33198E-03
    0.24771E+02    0.31470E-03
    0.25271E+02    0.29831E-03
    0.25782E+02    0.28277E-03
    0.26302E+02    0.26804E-03
    0.26834E+02    0.25406E-03
    0.27376E+02    0.24081E-03
    0.27929E+02    0.22824E-03
    0.28493E+02    0.21633E-03
    0.29069E+02    0.20503E-03
    0.29656E+02    0.19431E-03
    0.30255E+02    0.18415E-03
    0.30866E+02    0.17452E-03
    0.31490E+02    0.16539E-03
    0.32126E+02    0.15673E-03
    0.32775E+02    0.14852E-03
    0.33437E+02    0.14074E-03
    0.34112E+02    0.13336E-03
    0.34801E+02    0.12636E-03
    0.35504E+02    0.11973E-03
    0.36222E+02    0.11345E-03
    0.36953E+02    0.10749E-03
    0.37700E+02    0.10184E-03
    0.38462E+02    0.96489E-04
    0.39239E+02    0.91415E-04
    0.40031E+02    0.86606E-04
    0.40840E+02    0.82047E-04
    0.41665E+02    0.77727E-04
    0.42507E+02    0.73632E-04
    0.43365E+02    0.69752E-04
    0.44241E+02    0.66074E-04
    0.45135E+02    0.62588E-04
    0.46047E+02    0.59285E-04
    0.46977E+02    0.56155E-04
    0.47926E+02    0.53189E-04
    0.48894E+02    0.50378E-04
    0.49882E+02    0.47715E-04
    0.50890E+02    0.45191E-04
    0.51918E+02    0.42800E-04
    0.52966E+02    0.40534E-04
    0.54036E+02    0.38388E-04
    0.55128E+02    0.36354E-04
    0.56242E+02    0.34427E-04
    0.57378E+02    0.32601E-04
    0.58537E+02    0.30871E-04
    0.59720E+02    0.29232E-04
    0.60926E+02    0.27680E-04
    0.62157E+02    0.26209E-04
    0.63412E+02    0.24816E-04
    0.64693E+02    0.23497E-04
    0.66000E+02    0.22246E-04
    0.67334E+02    0.21062E-04
    0.68694E+02    0.19940E-04
    0.70082E+02    0.18878E-04
    0.71497E+02    0.17872E-04
    0.72942E+02    0.16918E-04
    0.74415E+02    0.16016E-04
    0.75918E+02    0.15161E-04
    0.77452E+02    0.14351E-04
    0.79017E+02    0.13584E-04
    0.80613E+02    0.12858E-04
    0.82241E+02    0.12170E-04
    0.83903E+02    0.11518E-04
    0.85598E+02    0.10901E-04
    0.87327E+02    0.10317E-04
    0.89091E+02    0.97641E-05
    0.90891E+02    0.92403E-05
    0.92727E+02    0.87443E-05
    0.94600E+02    0.82747E-05
    0.96511E+02    0.78300E-05
    0.98461E+02    0.74090E-05
    0.10045E+03    0.70104E-05
    0.10248E+03    0.66330E-05
    0.10455E+03    0.62757E-05
    0.10666E+03    0.59374E-05
    0.10882E+03    0.56171E-05
    0.11101E+03    0.53139E-05
    0.11326E+03    0.50269E-05
    0.11554E+03    0.47552E-05
    0.11788E+03    0.44980E-05
    0.12026E+03    0.42546E-05
    0.12269E+03    0.40241E-05
    0.12517E+03    0.38060E-05
    0.12770E+03    0.35995E-05
    0.13028E+03    0.34041E-05
    0.13291E+03    0.32191E-05
    0.13559E+03    0.30441E-05
    0.13833E+03    0.28784E-05
    0.14113E+03    0.27216E-05
    0.14398E+03    0.25733E-05
    0.14689E+03    0.24329E-05
    0.14985E+03    0.23000E-05
    0.15288E+03    0.21743E-05
    0.15597E+03    0.20553E-05
    0.15912E+03    0.19427E-05
    0.16233E+03    0.18362E-05
    0.16561E+03    0.17354E-05
    0.16896E+03    0.16401E-05
    0.17237E+03    0.15499E-05
    0.17585E+03    0.14646E-05
    0.17941E+03    0.13838E-05
    0.18303E+03    0.13075E-05
    0.18673E+03    0.12352E-05
    0.19050E+03    0.11669E-05
    0.19435E+03    0.11023E-05
    0.19828E+03    0.10412E-05
    0.20228E+03    0.98334E-06
    0.20637E+03    0.92867E-06
    0.21054E+03    0.87697E-06
    0.21479E+03    0.82808E-06
    0.21913E+03    0.78184E-06
    0.22356E+03    0.73813E-06
    0.22807E+03    0.69680E-06
    0.23268E+03    0.65772E-06
    0.23738E+03    0.62078E-06
    0.24217E+03    0.58586E-06
    0.24707E+03    0.55285E-06
    0.25206E+03    0.52164E-06
    0.25715E+03    0.49215E-06
    0.26234E+03    0.46428E-06
    0.26764E+03    0.43794E-06
    0.27305E+03    0.41306E-06
    0.27857E+03    0.38954E-06
    0.28419E+03    0.36732E-06
    0.28994E+03    0.34633E-06
    0.29579E+03    0.32650E-06
    0.30177E+03    0.30777E-06
    0.30786E+03    0.29008E-06
    0.31408E+03    0.27338E-06
    0.32043E+03    0.25760E-06
    0.32690E+03    0.24271E-06
    0.33351E+03    0.22865E-06
    0.34024E+03    0.21537E-06
    0.34712E+03    0.20285E-06
    0.35413E+03    0.19102E-06
    0.36128E+03    0.17986E-06
    0.36858E+03    0.16933E-06
    0.37603E+03    0.15940E-06
    0.38362E+03    0.15003E-06
    0.39137E+03    0.14119E-06
    0.39928E+03    0.13286E-06
    0.40734E+03    0.12500E-06
    0.41557E+03    0.11759E-06
    0.42397E+03    0.11061E-06
    0.43253E+03    0.10403E-06
    0.44127E+03    0.97824E-07
    0.45019E+03    0.91981E-07
    0.45928E+03    0.86478E-07
    0.46856E+03    0.81293E-07
    0.47802E+03    0.76409E-07
    0.48768E+03    0.71810E-07
    0.49753E+03    0.67482E-07
    0.50758E+03    0.63413E-07
