#           k/h    P           
    0.10000E-03    0.55126E+03
    0.10202E-03    0.56205E+03
    0.10408E-03    0.57305E+03
    0.10618E-03    0.58427E+03
    0.10833E-03    0.59571E+03
    0.11052E-03    0.60737E+03
    0.11275E-03    0.61926E+03
    0.11503E-03    0.63138E+03
    0.11735E-03    0.64373E+03
    0.11972E-03    0.65633E+03
    0.12214E-03    0.66918E+03
    0.12461E-03    0.68227E+03
    0.12712E-03    0.69562E+03
    0.12969E-03    0.70924E+03
    0.13231E-03    0.72312E+03
    0.13499E-03    0.73726E+03
    0.13771E-03    0.75169E+03
    0.14049E-03    0.76640E+03
    0.14333E-03    0.78139E+03
    0.14623E-03    0.79667E+03
    0.14918E-03    0.81226E+03
    0.15220E-03    0.82815E+03
    0.15527E-03    0.84435E+03
    0.15841E-03    0.86086E+03
    0.16161E-03    0.87769E+03
    0.16487E-03    0.89486E+03
    0.16820E-03    0.91236E+03
    0.17160E-03    0.93020E+03
    0.17507E-03    0.94838E+03
    0.17860E-03    0.96692E+03
    0.18221E-03    0.98582E+03
    0.18589E-03    0.10051E+04
    0.18965E-03    0.10247E+04
    0.19348E-03    0.10448E+04
    0.19739E-03    0.10652E+04
    0.20138E-03    0.10860E+04
    0.20544E-03    0.11072E+04
    0.20959E-03    0.11288E+04
    0.21383E-03    0.11509E+04
    0.21815E-03    0.11734E+04
    0.22255E-03    0.11963E+04
    0.22705E-03    0.12196E+04
    0.23164E-03    0.12434E+04
    0.23632E-03    0.12677E+04
    0.24109E-03    0.12925E+04
    0.24596E-03    0.13177E+04
    0.25093E-03    0.13434E+04
    0.25600E-03    0.13696E+04
    0.26117E-03    0.13963E+04
    0.26645E-03    0.14236E+04
    0.27183E-03    0.14513E+04
    0.27732E-03    0.14796E+04
    0.28292E-03    0.15085E+04
    0.28864E-03    0.15378E+04
    0.29447E-03    0.15678E+04
    0.30042E-03    0.15984E+04
    0.30649E-03    0.16295E+04
    0.31268E-03    0.16612E+04
    0.31899E-03    0.16936E+04
    0.32544E-03    0.17265E+04
    0.33201E-03    0.17601E+04
    0.33872E-03    0.17943E+04
    0.34556E-03    0.18292E+04
    0.35254E-03    0.18648E+04
    0.35966E-03    0.19010E+04
    0.36693E-03    0.19380E+04
    0.37434E-03    0.19756E+04
    0.38190E-03    0.20140E+04
    0.38962E-03    0.20531E+04
    0.39749E-03    0.20929E+04
    0.40552E-03    0.21335E+04
    0.41371E-03    0.21749E+04
    0.42207E-03    0.22170E+04
    0.43060E-03    0.22600E+04
    0.43929E-03    0.23038E+04
    0.44817E-03    0.23484E+04
    0.45722E-03    0.23938E+04
    0.46646E-03    0.24401E+04
    0.47588E-03    0.24873E+04
    0.48550E-03    0.25353E+04
    0.49530E-03    0.25843E+04
    0.50531E-03    0.26342E+04
    0.51552E-03    0.26850E+04
    0.52593E-03    0.27368E+04
    0.53656E-03    0.27895E+04
    0.54739E-03    0.28432E+04
    0.55845E-03    0.28980E+04
    0.56973E-03    0.29537E+04
    0.58124E-03    0.30105E+04
    0.59299E-03    0.30683E+04
    0.60496E-03    0.31272E+04
    0.61719E-03    0.31872E+04
    0.62965E-03    0.32483E+04
    0.64237E-03    0.33105E+04
    0.65535E-03    0.33739E+04
    0.66859E-03    0.34384E+04
    0.68210E-03    0.35041E+04
    0.69588E-03    0.35709E+04
    0.70993E-03    0.36390E+04
    0.72427E-03    0.37084E+04
    0.73891E-03    0.37790E+04
    0.75383E-03    0.38508E+04
    0.76906E-03    0.39240E+04
    0.78460E-03    0.39985E+04
    0.80045E-03    0.40742E+04
    0.81662E-03    0.41514E+04
    0.83311E-03    0.42299E+04
    0.84994E-03    0.43098E+04
    0.86711E-03    0.43911E+04
    0.88463E-03    0.44739E+04
    0.90250E-03    0.45580E+04
    0.92073E-03    0.46437E+04
    0.93933E-03    0.47308E+04
    0.95831E-03    0.48195E+04
    0.97767E-03    0.49097E+04
    0.99742E-03    0.50014E+04
    0.10176E-02    0.50947E+04
    0.10381E-02    0.51896E+04
    0.10591E-02    0.52860E+04
    0.10805E-02    0.53841E+04
    0.11023E-02    0.54839E+04
    0.11246E-02    0.55853E+04
    0.11473E-02    0.56884E+04
    0.11705E-02    0.57931E+04
    0.11941E-02    0.58996E+04
    0.12182E-02    0.60079E+04
    0.12429E-02    0.61178E+04
    0.12680E-02    0.62296E+04
    0.12936E-02    0.63431E+04
    0.13197E-02    0.64584E+04
    0.13464E-02    0.65755E+04
    0.13736E-02    0.66945E+04
    0.14013E-02    0.68152E+04
    0.14296E-02    0.69379E+04
    0.14585E-02    0.70624E+04
    0.14880E-02    0.71887E+04
    0.15180E-02    0.73170E+04
    0.15487E-02    0.74471E+04
    0.15800E-02    0.75792E+04
    0.16119E-02    0.77131E+04
    0.16445E-02    0.78490E+04
    0.16777E-02    0.79868E+04
    0.17116E-02    0.81265E+04
    0.17462E-02    0.82682E+04
    0.17814E-02    0.84118E+04
    0.18174E-02    0.85573E+04
    0.18541E-02    0.87048E+04
    0.18916E-02    0.88542E+04
    0.19298E-02    0.90056E+04
    0.19688E-02    0.91589E+04
    0.20086E-02    0.93141E+04
    0.20491E-02    0.94712E+04
    0.20905E-02    0.96302E+04
    0.21328E-02    0.97911E+04
    0.21758E-02    0.99540E+04
    0.22198E-02    0.10119E+05
    0.22646E-02    0.10285E+05
    0.23104E-02    0.10454E+05
    0.23571E-02    0.10624E+05
    0.24047E-02    0.10796E+05
    0.24533E-02    0.10970E+05
    0.25028E-02    0.11145E+05
    0.25534E-02    0.11322E+05
    0.26050E-02    0.11501E+05
    0.26576E-02    0.11682E+05
    0.27113E-02    0.11864E+05
    0.27660E-02    0.12048E+05
    0.28219E-02    0.12234E+05
    0.28789E-02    0.12421E+05
    0.29371E-02    0.12609E+05
    0.29964E-02    0.12799E+05
    0.30569E-02    0.12990E+05
    0.31187E-02    0.13183E+05
    0.31817E-02    0.13377E+05
    0.32460E-02    0.13572E+05
    0.33115E-02    0.13768E+05
    0.33784E-02    0.13966E+05
    0.34467E-02    0.14164E+05
    0.35163E-02    0.14364E+05
    0.35874E-02    0.14564E+05
    0.36598E-02    0.14765E+05
    0.37338E-02    0.14967E+05
    0.38092E-02    0.15170E+05
    0.38861E-02    0.15374E+05
    0.39646E-02    0.15578E+05
    0.40447E-02    0.15783E+05
    0.41264E-02    0.15987E+05
    0.42098E-02    0.16193E+05
    0.42948E-02    0.16398E+05
    0.43816E-02    0.16604E+05
    0.44701E-02    0.16810E+05
    0.45604E-02    0.17015E+05
    0.46525E-02    0.17221E+05
    0.47465E-02    0.17426E+05
    0.48424E-02    0.17631E+05
    0.49402E-02    0.17835E+05
    0.50400E-02    0.18039E+05
    0.51419E-02    0.18242E+05
    0.52457E-02    0.18445E+05
    0.53517E-02    0.18646E+05
    0.54598E-02    0.18846E+05
    0.55701E-02    0.19045E+05
    0.56826E-02    0.19243E+05
    0.57974E-02    0.19439E+05
    0.59145E-02    0.19633E+05
    0.60340E-02    0.19826E+05
    0.61559E-02    0.20017E+05
    0.62803E-02    0.20205E+05
    0.64072E-02    0.20392E+05
    0.65366E-02    0.20576E+05
    0.66686E-02    0.20757E+05
    0.68033E-02    0.20936E+05
    0.69408E-02    0.21112E+05
    0.70810E-02    0.21285E+05
    0.72240E-02    0.21454E+05
    0.73700E-02    0.21620E+05
    0.75189E-02    0.21782E+05
    0.76708E-02    0.21941E+05
    0.78257E-02    0.22095E+05
    0.79838E-02    0.22246E+05
    0.81451E-02    0.22392E+05
    0.83096E-02    0.22533E+05
    0.84775E-02    0.22669E+05
    0.86488E-02    0.22801E+05
    0.88235E-02    0.22927E+05
    0.90017E-02    0.23048E+05
    0.91836E-02    0.23163E+05
    0.93691E-02    0.23272E+05
    0.95583E-02    0.23376E+05
    0.97514E-02    0.23472E+05
    0.99484E-02    0.23563E+05
    0.10149E-01    0.23646E+05
    0.10354E-01    0.23723E+05
    0.10564E-01    0.23792E+05
    0.10777E-01    0.23854E+05
    0.10995E-01    0.23909E+05
    0.11217E-01    0.23955E+05
    0.11443E-01    0.23993E+05
    0.11675E-01    0.24023E+05
    0.11910E-01    0.24044E+05
    0.12151E-01    0.24056E+05
    0.12397E-01    0.24060E+05
    0.12647E-01    0.24054E+05
    0.12902E-01    0.24038E+05
    0.13163E-01    0.24013E+05
    0.13429E-01    0.23978E+05
    0.13700E-01    0.23933E+05
    0.13977E-01    0.23878E+05
    0.14259E-01    0.23812E+05
    0.14547E-01    0.23736E+05
    0.14841E-01    0.23649E+05
    0.15141E-01    0.23551E+05
    0.15447E-01    0.23442E+05
    0.15759E-01    0.23323E+05
    0.16077E-01    0.23192E+05
    0.16402E-01    0.23049E+05
    0.16734E-01    0.22896E+05
    0.17072E-01    0.22731E+05
    0.17416E-01    0.22554E+05
    0.17768E-01    0.22367E+05
    0.18127E-01    0.22168E+05
    0.18493E-01    0.21958E+05
    0.18867E-01    0.21736E+05
    0.19248E-01    0.21504E+05
    0.19637E-01    0.21261E+05
    0.20034E-01    0.21008E+05
    0.20438E-01    0.20744E+05
    0.20851E-01    0.20470E+05
    0.21272E-01    0.20186E+05
    0.21702E-01    0.19893E+05
    0.22141E-01    0.19591E+05
    0.22588E-01    0.19281E+05
    0.23044E-01    0.18962E+05
    0.23510E-01    0.18636E+05
    0.23985E-01    0.18304E+05
    0.24469E-01    0.17964E+05
    0.24964E-01    0.17619E+05
    0.25468E-01    0.17270E+05
    0.25982E-01    0.16915E+05
    0.26507E-01    0.16558E+05
    0.27043E-01    0.16198E+05
    0.27589E-01    0.15835E+05
    0.28146E-01    0.15472E+05
    0.28715E-01    0.15109E+05
    0.29295E-01    0.14747E+05
    0.29887E-01    0.14386E+05
    0.30490E-01    0.14027E+05
    0.31106E-01    0.13673E+05
    0.31735E-01    0.13322E+05
    0.32376E-01    0.12977E+05
    0.33030E-01    0.12638E+05
    0.33697E-01    0.12306E+05
    0.34378E-01    0.11981E+05
    0.35072E-01    0.11665E+05
    0.35781E-01    0.11359E+05
    0.36504E-01    0.11062E+05
    0.37241E-01    0.10776E+05
    0.37993E-01    0.10501E+05
    0.38761E-01    0.10237E+05
    0.39544E-01    0.99854E+04
    0.40343E-01    0.97458E+04
    0.41158E-01    0.95187E+04
    0.41989E-01    0.93041E+04
    0.42838E-01    0.91019E+04
    0.43703E-01    0.89121E+04
    0.44586E-01    0.87345E+04
    0.45486E-01    0.85685E+04
    0.46405E-01    0.84139E+04
    0.47343E-01    0.82700E+04
    0.48299E-01    0.81359E+04
    0.49275E-01    0.80110E+04
    0.50270E-01    0.78940E+04
    0.51286E-01    0.77840E+04
    0.52322E-01    0.76796E+04
    0.53379E-01    0.75795E+04
    0.54457E-01    0.74821E+04
    0.55557E-01    0.73860E+04
    0.56680E-01    0.72895E+04
    0.57825E-01    0.71910E+04
    0.58993E-01    0.70888E+04
    0.60184E-01    0.69814E+04
    0.61400E-01    0.68672E+04
    0.62641E-01    0.67450E+04
    0.63906E-01    0.66135E+04
    0.65197E-01    0.64720E+04
    0.66514E-01    0.63198E+04
    0.67858E-01    0.61567E+04
    0.69229E-01    0.59830E+04
    0.70627E-01    0.57990E+04
    0.72054E-01    0.56059E+04
    0.73510E-01    0.54050E+04
    0.74994E-01    0.51981E+04
    0.76509E-01    0.49872E+04
    0.78055E-01    0.47748E+04
    0.79632E-01    0.45632E+04
    0.81241E-01    0.43552E+04
    0.82882E-01    0.41533E+04
    0.84556E-01    0.39599E+04
    0.86264E-01    0.37773E+04
    0.88007E-01    0.36074E+04
    0.89785E-01    0.34518E+04
    0.91598E-01    0.33115E+04
    0.93449E-01    0.31872E+04
    0.95337E-01    0.30790E+04
    0.97263E-01    0.29865E+04
    0.99227E-01    0.29087E+04
    0.10123E+00    0.28443E+04
    0.10328E+00    0.27911E+04
    0.10536E+00    0.27469E+04
    0.10749E+00    0.27087E+04
    0.10966E+00    0.26736E+04
    0.11188E+00    0.26382E+04
    0.11414E+00    0.25994E+04
    0.11644E+00    0.25543E+04
    0.11880E+00    0.25006E+04
    0.12120E+00    0.24366E+04
    0.12365E+00    0.23616E+04
    0.12614E+00    0.22760E+04
    0.12869E+00    0.21812E+04
    0.13129E+00    0.20795E+04
    0.13394E+00    0.19741E+04
    0.13665E+00    0.18683E+04
    0.13941E+00    0.17657E+04
    0.14223E+00    0.16698E+04
    0.14510E+00    0.15831E+04
    0.14803E+00    0.15076E+04
    0.15102E+00    0.14442E+04
    0.15407E+00    0.13929E+04
    0.15718E+00    0.13527E+04
    0.16036E+00    0.13215E+04
    0.16360E+00    0.12967E+04
    0.16690E+00    0.12750E+04
    0.17028E+00    0.12531E+04
    0.17371E+00    0.12279E+04
    0.17722E+00    0.11969E+04
    0.18080E+00    0.11588E+04
    0.18446E+00    0.11137E+04
    0.18818E+00    0.10628E+04
    0.19198E+00    0.10085E+04
    0.19586E+00    0.95390E+03
    0.19982E+00    0.90195E+03
    0.20386E+00    0.85521E+03
    0.20797E+00    0.81535E+03
    0.21218E+00    0.78288E+03
    0.21646E+00    0.75716E+03
    0.22083E+00    0.73654E+03
    0.22530E+00    0.71871E+03
    0.22985E+00    0.70111E+03
    0.23449E+00    0.68155E+03
    0.23923E+00    0.65861E+03
    0.24406E+00    0.63207E+03
    0.24899E+00    0.60283E+03
    0.25402E+00    0.57264E+03
    0.25915E+00    0.54352E+03
    0.26439E+00    0.51720E+03
    0.26973E+00    0.49467E+03
    0.27518E+00    0.47593E+03
    0.28074E+00    0.46011E+03
    0.28641E+00    0.44577E+03
    0.29219E+00    0.43139E+03
    0.29810E+00    0.41585E+03
    0.30412E+00    0.39883E+03
    0.31026E+00    0.38080E+03
    0.31653E+00    0.36277E+03
    0.32292E+00    0.34584E+03
    0.32945E+00    0.33073E+03
    0.33610E+00    0.31753E+03
    0.34289E+00    0.30575E+03
    0.34982E+00    0.29458E+03
    0.35689E+00    0.28330E+03
    0.36409E+00    0.27158E+03
    0.37145E+00    0.25961E+03
    0.37895E+00    0.24787E+03
    0.38661E+00    0.23687E+03
    0.39442E+00    0.22686E+03
    0.40239E+00    0.21770E+03
    0.41052E+00    0.20902E+03
    0.41881E+00    0.20048E+03
    0.42727E+00    0.19192E+03
    0.43590E+00    0.18349E+03
    0.44471E+00    0.17540E+03
    0.45369E+00    0.16782E+03
    0.46286E+00    0.16075E+03
    0.47221E+00    0.15401E+03
    0.48174E+00    0.14747E+03
    0.49148E+00    0.14107E+03
    0.50141E+00    0.13487E+03
    0.51153E+00    0.12897E+03
    0.52187E+00    0.12339E+03
    0.53241E+00    0.11807E+03
    0.54317E+00    0.11295E+03
    0.55414E+00    0.10800E+03
    0.56533E+00    0.10324E+03
    0.57675E+00    0.98697E+02
    0.58840E+00    0.94368E+02
    0.60029E+00    0.90223E+02
    0.61242E+00    0.86239E+02
    0.62479E+00    0.82417E+02
    0.63741E+00    0.78756E+02
    0.65029E+00    0.75254E+02
    0.66342E+00    0.71905E+02
    0.67683E+00    0.68701E+02
    0.69050E+00    0.65634E+02
    0.70445E+00    0.62698E+02
    0.71868E+00    0.59887E+02
    0.73320E+00    0.57196E+02
    0.74801E+00    0.54622E+02
    0.76312E+00    0.52159E+02
    0.77854E+00    0.49803E+02
    0.79426E+00    0.47550E+02
    0.81031E+00    0.45395E+02
    0.82668E+00    0.43333E+02
    0.84338E+00    0.41362E+02
    0.86041E+00    0.39478E+02
    0.87780E+00    0.37677E+02
    0.89553E+00    0.35955E+02
    0.91362E+00    0.34309E+02
    0.93208E+00    0.32736E+02
    0.95091E+00    0.31233E+02
    0.97011E+00    0.29796E+02
    0.98971E+00    0.28424E+02
    0.10097E+01    0.27112E+02
    0.10301E+01    0.25860E+02
    0.10509E+01    0.24663E+02
    0.10721E+01    0.23520E+02
    0.10938E+01    0.22428E+02
    0.11159E+01    0.21386E+02
    0.11384E+01    0.20390E+02
    0.11614E+01    0.19440E+02
    0.11849E+01    0.18533E+02
    0.12088E+01    0.17666E+02
    0.12333E+01    0.16839E+02
    0.12582E+01    0.16050E+02
    0.12836E+01    0.15297E+02
    0.13095E+01    0.14578E+02
    0.13360E+01    0.13892E+02
    0.13630E+01    0.13237E+02
    0.13905E+01    0.12613E+02
    0.14186E+01    0.12017E+02
    0.14472E+01    0.11448E+02
    0.14765E+01    0.10906E+02
    0.15063E+01    0.10389E+02
    0.15367E+01    0.98954E+01
    0.15678E+01    0.94250E+01
    0.15994E+01    0.89764E+01
    0.16318E+01    0.85486E+01
    0.16647E+01    0.81408E+01
    0.16984E+01    0.77519E+01
    0.17327E+01    0.73812E+01
    0.17677E+01    0.70278E+01
    0.18034E+01    0.66909E+01
    0.18398E+01    0.63698E+01
    0.18770E+01    0.60637E+01
    0.19149E+01    0.57721E+01
    0.19536E+01    0.54942E+01
    0.19930E+01    0.52293E+01
    0.20333E+01    0.49770E+01
    0.20744E+01    0.47366E+01
    0.21163E+01    0.45076E+01
    0.21590E+01    0.42894E+01
    0.22026E+01    0.40815E+01
    0.22471E+01    0.38836E+01
    0.22925E+01    0.36950E+01
    0.23388E+01    0.35154E+01
    0.23861E+01    0.33444E+01
    0.24343E+01    0.31815E+01
    0.24835E+01    0.30264E+01
    0.25336E+01    0.28787E+01
    0.25848E+01    0.27381E+01
    0.26370E+01    0.26042E+01
    0.26903E+01    0.24768E+01
    0.27447E+01    0.23555E+01
    0.28001E+01    0.22400E+01
    0.28567E+01    0.21300E+01
    0.29144E+01    0.20254E+01
    0.29733E+01    0.19258E+01
    0.30333E+01    0.18310E+01
    0.30946E+01    0.17409E+01
    0.31571E+01    0.16550E+01
    0.32209E+01    0.15734E+01
    0.32860E+01    0.14957E+01
    0.33523E+01    0.14218E+01
    0.34201E+01    0.13514E+01
    0.34892E+01    0.12845E+01
    0.35596E+01    0.12209E+01
    0.36316E+01    0.11603E+01
    0.37049E+01    0.11027E+01
    0.37798E+01    0.10479E+01
    0.38561E+01    0.99585E+00
    0.39340E+01    0.94631E+00
    0.40135E+01    0.89919E+00
    0.40946E+01    0.85438E+00
    0.41773E+01    0.81177E+00
    0.42617E+01    0.77126E+00
    0.43478E+01    0.73274E+00
    0.44356E+01    0.69611E+00
    0.45252E+01    0.66128E+00
    0.46166E+01    0.62817E+00
    0.47099E+01    0.59670E+00
    0.48050E+01    0.56678E+00
    0.49021E+01    0.53834E+00
    0.50011E+01    0.51131E+00
    0.51021E+01    0.48562E+00
    0.52052E+01    0.46121E+00
    0.53104E+01    0.43800E+00
    0.54176E+01    0.41594E+00
    0.55271E+01    0.39498E+00
    0.56387E+01    0.37507E+00
    0.57526E+01    0.35614E+00
    0.58689E+01    0.33816E+00
    0.59874E+01    0.32107E+00
    0.61084E+01    0.30484E+00
    0.62318E+01    0.28942E+00
    0.63577E+01    0.27477E+00
    0.64861E+01    0.26085E+00
    0.66171E+01    0.24762E+00
    0.67508E+01    0.23506E+00
    0.68872E+01    0.22313E+00
    0.70263E+01    0.21179E+00
    0.71682E+01    0.20103E+00
    0.73130E+01    0.19081E+00
    0.74608E+01    0.18110E+00
    0.76115E+01    0.17188E+00
    0.77653E+01    0.16312E+00
    0.79221E+01    0.15480E+00
    0.80822E+01    0.14691E+00
    0.82454E+01    0.13941E+00
    0.84120E+01    0.13229E+00
    0.85819E+01    0.12553E+00
    0.87553E+01    0.11911E+00
    0.89322E+01    0.11301E+00
    0.91126E+01    0.10723E+00
    0.92967E+01    0.10174E+00
    0.94845E+01    0.96522E-01
    0.96761E+01    0.91573E-01
    0.98716E+01    0.86874E-01
    0.10071E+02    0.82415E-01
    0.10274E+02    0.78181E-01
    0.10482E+02    0.74163E-01
    0.10694E+02    0.70349E-01
    0.10910E+02    0.66730E-01
    0.11130E+02    0.63295E-01
    0.11355E+02    0.60035E-01
    0.11584E+02    0.56941E-01
    0.11818E+02    0.54005E-01
    0.12057E+02    0.51219E-01
    0.12301E+02    0.48576E-01
    0.12549E+02    0.46067E-01
    0.12803E+02    0.43687E-01
    0.13061E+02    0.41428E-01
    0.13325E+02    0.39286E-01
    0.13594E+02    0.37253E-01
    0.13869E+02    0.35324E-01
    0.14149E+02    0.33494E-01
    0.14435E+02    0.31759E-01
    0.14727E+02    0.30112E-01
    0.15024E+02    0.28550E-01
    0.15328E+02    0.27068E-01
    0.15637E+02    0.25663E-01
    0.15953E+02    0.24329E-01
    0.16275E+02    0.23065E-01
    0.16604E+02    0.21865E-01
    0.16940E+02    0.20728E-01
    0.17282E+02    0.19649E-01
    0.17631E+02    0.18626E-01
    0.17987E+02    0.17655E-01
    0.18351E+02    0.16735E-01
    0.18721E+02    0.15862E-01
    0.19099E+02    0.15035E-01
    0.19485E+02    0.14250E-01
    0.19879E+02    0.13506E-01
    0.20280E+02    0.12800E-01
    0.20690E+02    0.12131E-01
    0.21108E+02    0.11497E-01
    0.21535E+02    0.10895E-01
    0.21970E+02    0.10325E-01
    0.22413E+02    0.97844E-02
    0.22866E+02    0.92719E-02
    0.23328E+02    0.87859E-02
    0.23799E+02    0.83253E-02
    0.24280E+02    0.78886E-02
    0.24771E+02    0.74746E-02
    0.25271E+02    0.70821E-02
    0.25782E+02    0.67101E-02
    0.26302E+02    0.63575E-02
    0.26834E+02    0.60233E-02
    0.27376E+02    0.57065E-02
    0.27929E+02    0.54062E-02
    0.28493E+02    0.51217E-02
    0.29069E+02    0.48519E-02
    0.29656E+02    0.45963E-02
    0.30255E+02    0.43540E-02
    0.30866E+02    0.41244E-02
    0.31490E+02    0.39068E-02
    0.32126E+02    0.37006E-02
    0.32775E+02    0.35052E-02
    0.33437E+02    0.33201E-02
    0.34112E+02    0.31446E-02
    0.34801E+02    0.29783E-02
    0.35504E+02    0.28208E-02
    0.36222E+02    0.26715E-02
    0.36953E+02    0.25301E-02
    0.37700E+02    0.23961E-02
    0.38462E+02    0.22691E-02
    0.39239E+02    0.21488E-02
    0.40031E+02    0.20348E-02
    0.40840E+02    0.19269E-02
    0.41665E+02    0.18246E-02
    0.42507E+02    0.17277E-02
    0.43365E+02    0.16359E-02
    0.44241E+02    0.15489E-02
    0.45135E+02    0.14665E-02
    0.46047E+02    0.13885E-02
    0.46977E+02    0.13146E-02
    0.47926E+02    0.12446E-02
    0.48894E+02    0.11783E-02
    0.49882E+02    0.11154E-02
    0.50890E+02    0.10560E-02
    0.51918E+02    0.99960E-03
    0.52966E+02    0.94623E-03
    0.54036E+02    0.89569E-03
    0.55128E+02    0.84782E-03
    0.56242E+02    0.80248E-03
    0.57378E+02    0.75955E-03
    0.58537E+02    0.71889E-03
    0.59720E+02    0.68039E-03
    0.60926E+02    0.64393E-03
    0.62157E+02    0.60941E-03
    0.63412E+02    0.57672E-03
    0.64693E+02    0.54576E-03
    0.66000E+02    0.51645E-03
    0.67334E+02    0.48870E-03
    0.68694E+02    0.46242E-03
    0.70082E+02    0.43754E-03
    0.71497E+02    0.41398E-03
    0.72942E+02    0.39168E-03
    0.74415E+02    0.37057E-03
    0.75918E+02    0.35058E-03
    0.77452E+02    0.33166E-03
    0.79017E+02    0.31375E-03
    0.80613E+02    0.29679E-03
    0.82241E+02    0.28074E-03
    0.83903E+02    0.26554E-03
    0.85598E+02    0.25116E-03
    0.87327E+02    0.23754E-03
    0.89091E+02    0.22466E-03
    0.90891E+02    0.21246E-03
    0.92727E+02    0.20092E-03
    0.94600E+02    0.18999E-03
    0.96511E+02    0.17965E-03
    0.98461E+02    0.16987E-03
    0.10045E+03    0.16060E-03
    0.10248E+03    0.15184E-03
    0.10455E+03    0.14355E-03
    0.10666E+03    0.13570E-03
    0.10882E+03    0.12827E-03
    0.11101E+03    0.12125E-03
    0.11326E+03    0.11460E-03
    0.11554E+03    0.10831E-03
    0.11788E+03    0.10236E-03
    0.12026E+03    0.96727E-04
    0.12269E+03    0.91400E-04
    0.12517E+03    0.86361E-04
    0.12770E+03    0.81594E-04
    0.13028E+03    0.77084E-04
    0.13291E+03    0.72818E-04
    0.13559E+03    0.68783E-04
    0.13833E+03    0.64967E-04
    0.14113E+03    0.61358E-04
    0.14398E+03    0.57944E-04
    0.14689E+03    0.54716E-04
    0.14985E+03    0.51663E-04
    0.15288E+03    0.48776E-04
    0.15597E+03    0.46046E-04
    0.15912E+03    0.43465E-04
    0.16233E+03    0.41024E-04
    0.16561E+03    0.38717E-04
    0.16896E+03    0.36535E-04
    0.17237E+03    0.34473E-04
    0.17585E+03    0.32524E-04
    0.17941E+03    0.30682E-04
    0.18303E+03    0.28940E-04
    0.18673E+03    0.27295E-04
    0.19050E+03    0.25739E-04
    0.19435E+03    0.24270E-04
    0.19828E+03    0.22881E-04
    0.20228E+03    0.21569E-04
    0.20637E+03    0.20330E-04
    0.21054E+03    0.19159E-04
    0.21479E+03    0.18053E-04
    0.21913E+03    0.17008E-04
    0.22356E+03    0.16022E-04
    0.22807E+03    0.15090E-04
    0.23268E+03    0.14211E-04
    0.23738E+03    0.13380E-04
    0.24217E+03    0.12596E-04
    0.24707E+03    0.11856E-04
    0.25206E+03    0.11158E-04
    0.25715E+03    0.10499E-04
    0.26234E+03    0.98773E-05
    0.26764E+03    0.92907E-05
    0.27305E+03    0.87373E-05
    0.27857E+03    0.82154E-05
    0.28419E+03    0.77233E-05
    0.28994E+03    0.72593E-05
    0.29579E+03    0.68218E-05
    0.30177E+03    0.64095E-05
    0.30786E+03    0.60210E-05
    0.31408E+03    0.56549E-05
    0.32043E+03    0.53100E-05
    0.32690E+03    0.49852E-05
    0.33351E+03    0.46793E-05
    0.34024E+03    0.43913E-05
    0.34712E+03    0.41202E-05
    0.35413E+03    0.38651E-05
    0.36128E+03    0.36251E-05
    0.36858E+03    0.33993E-05
    0.37603E+03    0.31869E-05
    0.38362E+03    0.29873E-05
    0.39137E+03    0.27996E-05
    0.39928E+03    0.26233E-05
    0.40734E+03    0.24576E-05
    0.41557E+03    0.23019E-05
    0.42397E+03    0.21558E-05
    0.43253E+03    0.20186E-05
    0.44127E+03    0.18899E-05
    0.45019E+03    0.17691E-05
    0.45928E+03    0.16557E-05
    0.46856E+03    0.15494E-05
    0.47802E+03    0.14497E-05
    0.48768E+03    0.13563E-05
    0.49753E+03    0.12688E-05
