#           k/h    P           
    0.10000E-03    0.30809E+03
    0.10202E-03    0.31413E+03
    0.10408E-03    0.32028E+03
    0.10618E-03    0.32655E+03
    0.10833E-03    0.33295E+03
    0.11052E-03    0.33947E+03
    0.11275E-03    0.34611E+03
    0.11503E-03    0.35289E+03
    0.11735E-03    0.35980E+03
    0.11972E-03    0.36685E+03
    0.12214E-03    0.37403E+03
    0.12461E-03    0.38135E+03
    0.12712E-03    0.38882E+03
    0.12969E-03    0.39643E+03
    0.13231E-03    0.40420E+03
    0.13499E-03    0.41211E+03
    0.13771E-03    0.42018E+03
    0.14049E-03    0.42841E+03
    0.14333E-03    0.43679E+03
    0.14623E-03    0.44535E+03
    0.14918E-03    0.45406E+03
    0.15220E-03    0.46295E+03
    0.15527E-03    0.47202E+03
    0.15841E-03    0.48126E+03
    0.16161E-03    0.49068E+03
    0.16487E-03    0.50028E+03
    0.16820E-03    0.51008E+03
    0.17160E-03    0.52006E+03
    0.17507E-03    0.53024E+03
    0.17860E-03    0.54062E+03
    0.18221E-03    0.55120E+03
    0.18589E-03    0.56199E+03
    0.18965E-03    0.57298E+03
    0.19348E-03    0.58420E+03
    0.19739E-03    0.59563E+03
    0.20138E-03    0.60728E+03
    0.20544E-03    0.61917E+03
    0.20959E-03    0.63128E+03
    0.21383E-03    0.64363E+03
    0.21815E-03    0.65623E+03
    0.22255E-03    0.66906E+03
    0.22705E-03    0.68215E+03
    0.23164E-03    0.69550E+03
    0.23632E-03    0.70910E+03
    0.24109E-03    0.72297E+03
    0.24596E-03    0.73711E+03
    0.25093E-03    0.75152E+03
    0.25600E-03    0.76622E+03
    0.26117E-03    0.78120E+03
    0.26645E-03    0.79648E+03
    0.27183E-03    0.81205E+03
    0.27732E-03    0.82792E+03
    0.28292E-03    0.84411E+03
    0.28864E-03    0.86061E+03
    0.29447E-03    0.87743E+03
    0.30042E-03    0.89458E+03
    0.30649E-03    0.91206E+03
    0.31268E-03    0.92988E+03
    0.31899E-03    0.94804E+03
    0.32544E-03    0.96656E+03
    0.33201E-03    0.98544E+03
    0.33872E-03    0.10047E+04
    0.34556E-03    0.10243E+04
    0.35254E-03    0.10443E+04
    0.35966E-03    0.10647E+04
    0.36693E-03    0.10855E+04
    0.37434E-03    0.11067E+04
    0.38190E-03    0.11283E+04
    0.38962E-03    0.11503E+04
    0.39749E-03    0.11727E+04
    0.40552E-03    0.11956E+04
    0.41371E-03    0.12189E+04
    0.42207E-03    0.12427E+04
    0.43060E-03    0.12669E+04
    0.43929E-03    0.12916E+04
    0.44817E-03    0.13168E+04
    0.45722E-03    0.13424E+04
    0.46646E-03    0.13686E+04
    0.47588E-03    0.13952E+04
    0.48550E-03    0.14224E+04
    0.49530E-03    0.14501E+04
    0.50531E-03    0.14783E+04
    0.51552E-03    0.15071E+04
    0.52593E-03    0.15364E+04
    0.53656E-03    0.15663E+04
    0.54739E-03    0.15967E+04
    0.55845E-03    0.16278E+04
    0.56973E-03    0.16594E+04
    0.58124E-03    0.16916E+04
    0.59299E-03    0.17245E+04
    0.60496E-03    0.17580E+04
    0.61719E-03    0.17921E+04
    0.62965E-03    0.18269E+04
    0.64237E-03    0.18623E+04
    0.65535E-03    0.18984E+04
    0.66859E-03    0.19352E+04
    0.68210E-03    0.19727E+04
    0.69588E-03    0.20109E+04
    0.70993E-03    0.20498E+04
    0.72427E-03    0.20895E+04
    0.73891E-03    0.21299E+04
    0.75383E-03    0.21710E+04
    0.76906E-03    0.22130E+04
    0.78460E-03    0.22557E+04
    0.80045E-03    0.22992E+04
    0.81662E-03    0.23436E+04
    0.83311E-03    0.23888E+04
    0.84994E-03    0.24348E+04
    0.86711E-03    0.24817E+04
    0.88463E-03    0.25295E+04
    0.90250E-03    0.25781E+04
    0.92073E-03    0.26277E+04
    0.93933E-03    0.26782E+04
    0.95831E-03    0.27296E+04
    0.97767E-03    0.27819E+04
    0.99742E-03    0.28353E+04
    0.10176E-02    0.28896E+04
    0.10381E-02    0.29449E+04
    0.10591E-02    0.30012E+04
    0.10805E-02    0.30585E+04
    0.11023E-02    0.31169E+04
    0.11246E-02    0.31764E+04
    0.11473E-02    0.32369E+04
    0.11705E-02    0.32986E+04
    0.11941E-02    0.33613E+04
    0.12182E-02    0.34252E+04
    0.12429E-02    0.34902E+04
    0.12680E-02    0.35564E+04
    0.12936E-02    0.36238E+04
    0.13197E-02    0.36923E+04
    0.13464E-02    0.37621E+04
    0.13736E-02    0.38332E+04
    0.14013E-02    0.39054E+04
    0.14296E-02    0.39790E+04
    0.14585E-02    0.40538E+04
    0.14880E-02    0.41299E+04
    0.15180E-02    0.42074E+04
    0.15487E-02    0.42862E+04
    0.15800E-02    0.43663E+04
    0.16119E-02    0.44478E+04
    0.16445E-02    0.45307E+04
    0.16777E-02    0.46151E+04
    0.17116E-02    0.47008E+04
    0.17462E-02    0.47880E+04
    0.17814E-02    0.48766E+04
    0.18174E-02    0.49667E+04
    0.18541E-02    0.50584E+04
    0.18916E-02    0.51515E+04
    0.19298E-02    0.52461E+04
    0.19688E-02    0.53423E+04
    0.20086E-02    0.54400E+04
    0.20491E-02    0.55393E+04
    0.20905E-02    0.56402E+04
    0.21328E-02    0.57427E+04
    0.21758E-02    0.58469E+04
    0.22198E-02    0.59526E+04
    0.22646E-02    0.60600E+04
    0.23104E-02    0.61690E+04
    0.23571E-02    0.62797E+04
    0.24047E-02    0.63921E+04
    0.24533E-02    0.65062E+04
    0.25028E-02    0.66219E+04
    0.25534E-02    0.67394E+04
    0.26050E-02    0.68586E+04
    0.26576E-02    0.69796E+04
    0.27113E-02    0.71023E+04
    0.27660E-02    0.72267E+04
    0.28219E-02    0.73529E+04
    0.28789E-02    0.74808E+04
    0.29371E-02    0.76105E+04
    0.29964E-02    0.77420E+04
    0.30569E-02    0.78752E+04
    0.31187E-02    0.80102E+04
    0.31817E-02    0.81470E+04
    0.32460E-02    0.82856E+04
    0.33115E-02    0.84259E+04
    0.33784E-02    0.85681E+04
    0.34467E-02    0.87120E+04
    0.35163E-02    0.88576E+04
    0.35874E-02    0.90051E+04
    0.36598E-02    0.91543E+04
    0.37338E-02    0.93052E+04
    0.38092E-02    0.94579E+04
    0.38861E-02    0.96123E+04
    0.39646E-02    0.97685E+04
    0.40447E-02    0.99263E+04
    0.41264E-02    0.10086E+05
    0.42098E-02    0.10247E+05
    0.42948E-02    0.10410E+05
    0.43816E-02    0.10575E+05
    0.44701E-02    0.10741E+05
    0.45604E-02    0.10908E+05
    0.46525E-02    0.11078E+05
    0.47465E-02    0.11249E+05
    0.48424E-02    0.11421E+05
    0.49402E-02    0.11595E+05
    0.50400E-02    0.11770E+05
    0.51419E-02    0.11947E+05
    0.52457E-02    0.12125E+05
    0.53517E-02    0.12305E+05
    0.54598E-02    0.12485E+05
    0.55701E-02    0.12667E+05
    0.56826E-02    0.12851E+05
    0.57974E-02    0.13035E+05
    0.59145E-02    0.13220E+05
    0.60340E-02    0.13407E+05
    0.61559E-02    0.13595E+05
    0.62803E-02    0.13783E+05
    0.64072E-02    0.13972E+05
    0.65366E-02    0.14162E+05
    0.66686E-02    0.14353E+05
    0.68033E-02    0.14545E+05
    0.69408E-02    0.14737E+05
    0.70810E-02    0.14929E+05
    0.72240E-02    0.15122E+05
    0.73700E-02    0.15315E+05
    0.75189E-02    0.15509E+05
    0.76708E-02    0.15702E+05
    0.78257E-02    0.15896E+05
    0.79838E-02    0.16089E+05
    0.81451E-02    0.16283E+05
    0.83096E-02    0.16475E+05
    0.84775E-02    0.16668E+05
    0.86488E-02    0.16860E+05
    0.88235E-02    0.17051E+05
    0.90017E-02    0.17242E+05
    0.91836E-02    0.17431E+05
    0.93691E-02    0.17620E+05
    0.95583E-02    0.17807E+05
    0.97514E-02    0.17993E+05
    0.99484E-02    0.18178E+05
    0.10149E-01    0.18360E+05
    0.10354E-01    0.18541E+05
    0.10564E-01    0.18720E+05
    0.10777E-01    0.18897E+05
    0.10995E-01    0.19072E+05
    0.11217E-01    0.19244E+05
    0.11443E-01    0.19413E+05
    0.11675E-01    0.19579E+05
    0.11910E-01    0.19742E+05
    0.12151E-01    0.19902E+05
    0.12397E-01    0.20059E+05
    0.12647E-01    0.20211E+05
    0.12902E-01    0.20360E+05
    0.13163E-01    0.20505E+05
    0.13429E-01    0.20645E+05
    0.13700E-01    0.20781E+05
    0.13977E-01    0.20912E+05
    0.14259E-01    0.21038E+05
    0.14547E-01    0.21159E+05
    0.14841E-01    0.21275E+05
    0.15141E-01    0.21384E+05
    0.15447E-01    0.21488E+05
    0.15759E-01    0.21586E+05
    0.16077E-01    0.21677E+05
    0.16402E-01    0.21761E+05
    0.16734E-01    0.21839E+05
    0.17072E-01    0.21910E+05
    0.17416E-01    0.21973E+05
    0.17768E-01    0.22029E+05
    0.18127E-01    0.22077E+05
    0.18493E-01    0.22117E+05
    0.18867E-01    0.22149E+05
    0.19248E-01    0.22172E+05
    0.19637E-01    0.22187E+05
    0.20034E-01    0.22193E+05
    0.20438E-01    0.22191E+05
    0.20851E-01    0.22179E+05
    0.21272E-01    0.22158E+05
    0.21702E-01    0.22128E+05
    0.22141E-01    0.22088E+05
    0.22588E-01    0.22039E+05
    0.23044E-01    0.21980E+05
    0.23510E-01    0.21911E+05
    0.23985E-01    0.21833E+05
    0.24469E-01    0.21745E+05
    0.24964E-01    0.21648E+05
    0.25468E-01    0.21541E+05
    0.25982E-01    0.21424E+05
    0.26507E-01    0.21298E+05
    0.27043E-01    0.21163E+05
    0.27589E-01    0.21019E+05
    0.28146E-01    0.20865E+05
    0.28715E-01    0.20704E+05
    0.29295E-01    0.20534E+05
    0.29887E-01    0.20356E+05
    0.30490E-01    0.20170E+05
    0.31106E-01    0.19977E+05
    0.31735E-01    0.19777E+05
    0.32376E-01    0.19571E+05
    0.33030E-01    0.19359E+05
    0.33697E-01    0.19141E+05
    0.34378E-01    0.18919E+05
    0.35072E-01    0.18692E+05
    0.35781E-01    0.18462E+05
    0.36504E-01    0.18228E+05
    0.37241E-01    0.17993E+05
    0.37993E-01    0.17755E+05
    0.38761E-01    0.17517E+05
    0.39544E-01    0.17278E+05
    0.40343E-01    0.17039E+05
    0.41158E-01    0.16801E+05
    0.41989E-01    0.16565E+05
    0.42838E-01    0.16331E+05
    0.43703E-01    0.16099E+05
    0.44586E-01    0.15871E+05
    0.45486E-01    0.15647E+05
    0.46405E-01    0.15426E+05
    0.47343E-01    0.15210E+05
    0.48299E-01    0.14999E+05
    0.49275E-01    0.14794E+05
    0.50270E-01    0.14593E+05
    0.51286E-01    0.14398E+05
    0.52322E-01    0.14208E+05
    0.53379E-01    0.14024E+05
    0.54457E-01    0.13844E+05
    0.55557E-01    0.13669E+05
    0.56680E-01    0.13498E+05
    0.57825E-01    0.13331E+05
    0.58993E-01    0.13167E+05
    0.60184E-01    0.13005E+05
    0.61400E-01    0.12844E+05
    0.62641E-01    0.12684E+05
    0.63906E-01    0.12523E+05
    0.65197E-01    0.12360E+05
    0.66514E-01    0.12195E+05
    0.67858E-01    0.12026E+05
    0.69229E-01    0.11852E+05
    0.70627E-01    0.11672E+05
    0.72054E-01    0.11486E+05
    0.73510E-01    0.11292E+05
    0.74994E-01    0.11090E+05
    0.76509E-01    0.10880E+05
    0.78055E-01    0.10661E+05
    0.79632E-01    0.10434E+05
    0.81241E-01    0.10199E+05
    0.82882E-01    0.99568E+04
    0.84556E-01    0.97085E+04
    0.86264E-01    0.94553E+04
    0.88007E-01    0.91989E+04
    0.89785E-01    0.89409E+04
    0.91598E-01    0.86834E+04
    0.93449E-01    0.84284E+04
    0.95337E-01    0.81780E+04
    0.97263E-01    0.79342E+04
    0.99227E-01    0.76990E+04
    0.10123E+00    0.74740E+04
    0.10328E+00    0.72607E+04
    0.10536E+00    0.70601E+04
    0.10749E+00    0.68730E+04
    0.10966E+00    0.66996E+04
    0.11188E+00    0.65395E+04
    0.11414E+00    0.63919E+04
    0.11644E+00    0.62557E+04
    0.11880E+00    0.61289E+04
    0.12120E+00    0.60095E+04
    0.12365E+00    0.58949E+04
    0.12614E+00    0.57826E+04
    0.12869E+00    0.56697E+04
    0.13129E+00    0.55538E+04
    0.13394E+00    0.54326E+04
    0.13665E+00    0.53044E+04
    0.13941E+00    0.51681E+04
    0.14223E+00    0.50234E+04
    0.14510E+00    0.48711E+04
    0.14803E+00    0.47125E+04
    0.15102E+00    0.45499E+04
    0.15407E+00    0.43860E+04
    0.15718E+00    0.42239E+04
    0.16036E+00    0.40667E+04
    0.16360E+00    0.39174E+04
    0.16690E+00    0.37782E+04
    0.17028E+00    0.36507E+04
    0.17371E+00    0.35356E+04
    0.17722E+00    0.34325E+04
    0.18080E+00    0.33402E+04
    0.18446E+00    0.32563E+04
    0.18818E+00    0.31780E+04
    0.19198E+00    0.31021E+04
    0.19586E+00    0.30256E+04
    0.19982E+00    0.29458E+04
    0.20386E+00    0.28609E+04
    0.20797E+00    0.27702E+04
    0.21218E+00    0.26744E+04
    0.21646E+00    0.25752E+04
    0.22083E+00    0.24750E+04
    0.22530E+00    0.23769E+04
    0.22985E+00    0.22837E+04
    0.23449E+00    0.21975E+04
    0.23923E+00    0.21195E+04
    0.24406E+00    0.20497E+04
    0.24899E+00    0.19869E+04
    0.25402E+00    0.19291E+04
    0.25915E+00    0.18736E+04
    0.26439E+00    0.18180E+04
    0.26973E+00    0.17605E+04
    0.27518E+00    0.17003E+04
    0.28074E+00    0.16376E+04
    0.28641E+00    0.15740E+04
    0.29219E+00    0.15113E+04
    0.29810E+00    0.14515E+04
    0.30412E+00    0.13962E+04
    0.31026E+00    0.13457E+04
    0.31653E+00    0.12996E+04
    0.32292E+00    0.12566E+04
    0.32945E+00    0.12151E+04
    0.33610E+00    0.11735E+04
    0.34289E+00    0.11311E+04
    0.34982E+00    0.10880E+04
    0.35689E+00    0.10452E+04
    0.36409E+00    0.10037E+04
    0.37145E+00    0.96450E+03
    0.37895E+00    0.92812E+03
    0.38661E+00    0.89421E+03
    0.39442E+00    0.86199E+03
    0.40239E+00    0.83056E+03
    0.41052E+00    0.79934E+03
    0.41881E+00    0.76827E+03
    0.42727E+00    0.73778E+03
    0.43590E+00    0.70845E+03
    0.44471E+00    0.68067E+03
    0.45369E+00    0.65447E+03
    0.46286E+00    0.62950E+03
    0.47221E+00    0.60532E+03
    0.48174E+00    0.58164E+03
    0.49148E+00    0.55847E+03
    0.50141E+00    0.53603E+03
    0.51153E+00    0.51456E+03
    0.52187E+00    0.49412E+03
    0.53241E+00    0.47456E+03
    0.54317E+00    0.45568E+03
    0.55414E+00    0.43735E+03
    0.56533E+00    0.41960E+03
    0.57675E+00    0.40252E+03
    0.58840E+00    0.38616E+03
    0.60029E+00    0.37049E+03
    0.61242E+00    0.35540E+03
    0.62479E+00    0.34084E+03
    0.63741E+00    0.32679E+03
    0.65029E+00    0.31330E+03
    0.66342E+00    0.30035E+03
    0.67683E+00    0.28792E+03
    0.69050E+00    0.27596E+03
    0.70445E+00    0.26446E+03
    0.71868E+00    0.25339E+03
    0.73320E+00    0.24277E+03
    0.74801E+00    0.23257E+03
    0.76312E+00    0.22277E+03
    0.77854E+00    0.21336E+03
    0.79426E+00    0.20433E+03
    0.81031E+00    0.19566E+03
    0.82668E+00    0.18733E+03
    0.84338E+00    0.17934E+03
    0.86041E+00    0.17166E+03
    0.87780E+00    0.16430E+03
    0.89553E+00    0.15724E+03
    0.91362E+00    0.15047E+03
    0.93208E+00    0.14397E+03
    0.95091E+00    0.13774E+03
    0.97011E+00    0.13177E+03
    0.98971E+00    0.12604E+03
    0.10097E+01    0.12055E+03
    0.10301E+01    0.11529E+03
    0.10509E+01    0.11024E+03
    0.10721E+01    0.10541E+03
    0.10938E+01    0.10078E+03
    0.11159E+01    0.96338E+02
    0.11384E+01    0.92087E+02
    0.11614E+01    0.88016E+02
    0.11849E+01    0.84117E+02
    0.12088E+01    0.80383E+02
    0.12333E+01    0.76808E+02
    0.12582E+01    0.73386E+02
    0.12836E+01    0.70109E+02
    0.13095E+01    0.66973E+02
    0.13360E+01    0.63971E+02
    0.13630E+01    0.61099E+02
    0.13905E+01    0.58350E+02
    0.14186E+01    0.55721E+02
    0.14472E+01    0.53205E+02
    0.14765E+01    0.50799E+02
    0.15063E+01    0.48498E+02
    0.15367E+01    0.46297E+02
    0.15678E+01    0.44192E+02
    0.15994E+01    0.42179E+02
    0.16318E+01    0.40255E+02
    0.16647E+01    0.38416E+02
    0.16984E+01    0.36658E+02
    0.17327E+01    0.34978E+02
    0.17677E+01    0.33372E+02
    0.18034E+01    0.31837E+02
    0.18398E+01    0.30371E+02
    0.18770E+01    0.28970E+02
    0.19149E+01    0.27631E+02
    0.19536E+01    0.26353E+02
    0.19930E+01    0.25132E+02
    0.20333E+01    0.23965E+02
    0.20744E+01    0.22851E+02
    0.21163E+01    0.21788E+02
    0.21590E+01    0.20772E+02
    0.22026E+01    0.19803E+02
    0.22471E+01    0.18877E+02
    0.22925E+01    0.17993E+02
    0.23388E+01    0.17150E+02
    0.23861E+01    0.16345E+02
    0.24343E+01    0.15577E+02
    0.24835E+01    0.14844E+02
    0.25336E+01    0.14144E+02
    0.25848E+01    0.13477E+02
    0.26370E+01    0.12840E+02
    0.26903E+01    0.12232E+02
    0.27447E+01    0.11653E+02
    0.28001E+01    0.11100E+02
    0.28567E+01    0.10573E+02
    0.29144E+01    0.10070E+02
    0.29733E+01    0.95910E+01
    0.30333E+01    0.91339E+01
    0.30946E+01    0.86980E+01
    0.31571E+01    0.82824E+01
    0.32209E+01    0.78862E+01
    0.32860E+01    0.75086E+01
    0.33523E+01    0.71486E+01
    0.34201E+01    0.68054E+01
    0.34892E+01    0.64784E+01
    0.35596E+01    0.61667E+01
    0.36316E+01    0.58698E+01
    0.37049E+01    0.55868E+01
    0.37798E+01    0.53171E+01
    0.38561E+01    0.50602E+01
    0.39340E+01    0.48155E+01
    0.40135E+01    0.45823E+01
    0.40946E+01    0.43602E+01
    0.41773E+01    0.41486E+01
    0.42617E+01    0.39471E+01
    0.43478E+01    0.37552E+01
    0.44356E+01    0.35724E+01
    0.45252E+01    0.33984E+01
    0.46166E+01    0.32327E+01
    0.47099E+01    0.30749E+01
    0.48050E+01    0.29246E+01
    0.49021E+01    0.27816E+01
    0.50011E+01    0.26454E+01
    0.51021E+01    0.25158E+01
    0.52052E+01    0.23924E+01
    0.53104E+01    0.22750E+01
    0.54176E+01    0.21632E+01
    0.55271E+01    0.20568E+01
    0.56387E+01    0.19555E+01
    0.57526E+01    0.18592E+01
    0.58689E+01    0.17675E+01
    0.59874E+01    0.16803E+01
    0.61084E+01    0.15973E+01
    0.62318E+01    0.15183E+01
    0.63577E+01    0.14432E+01
    0.64861E+01    0.13717E+01
    0.66171E+01    0.13037E+01
    0.67508E+01    0.12390E+01
    0.68872E+01    0.11775E+01
    0.70263E+01    0.11190E+01
    0.71682E+01    0.10633E+01
    0.73130E+01    0.10104E+01
    0.74608E+01    0.96008E+00
    0.76115E+01    0.91222E+00
    0.77653E+01    0.86671E+00
    0.79221E+01    0.82344E+00
    0.80822E+01    0.78229E+00
    0.82454E+01    0.74317E+00
    0.84120E+01    0.70598E+00
    0.85819E+01    0.67063E+00
    0.87553E+01    0.63701E+00
    0.89322E+01    0.60506E+00
    0.91126E+01    0.57469E+00
    0.92967E+01    0.54583E+00
    0.94845E+01    0.51839E+00
    0.96761E+01    0.49232E+00
    0.98716E+01    0.46753E+00
    0.10071E+02    0.44398E+00
    0.10274E+02    0.42160E+00
    0.10482E+02    0.40034E+00
    0.10694E+02    0.38013E+00
    0.10910E+02    0.36093E+00
    0.11130E+02    0.34268E+00
    0.11355E+02    0.32535E+00
    0.11584E+02    0.30888E+00
    0.11818E+02    0.29324E+00
    0.12057E+02    0.27838E+00
    0.12301E+02    0.26426E+00
    0.12549E+02    0.25085E+00
    0.12803E+02    0.23811E+00
    0.13061E+02    0.22601E+00
    0.13325E+02    0.21452E+00
    0.13594E+02    0.20361E+00
    0.13869E+02    0.19324E+00
    0.14149E+02    0.18340E+00
    0.14435E+02    0.17405E+00
    0.14727E+02    0.16518E+00
    0.15024E+02    0.15675E+00
    0.15328E+02    0.14874E+00
    0.15637E+02    0.14114E+00
    0.15953E+02    0.13393E+00
    0.16275E+02    0.12708E+00
    0.16604E+02    0.12057E+00
    0.16940E+02    0.11440E+00
    0.17282E+02    0.10854E+00
    0.17631E+02    0.10297E+00
    0.17987E+02    0.97689E-01
    0.18351E+02    0.92675E-01
    0.18721E+02    0.87916E-01
    0.19099E+02    0.83398E-01
    0.19485E+02    0.79110E-01
    0.19879E+02    0.75041E-01
    0.20280E+02    0.71178E-01
    0.20690E+02    0.67513E-01
    0.21108E+02    0.64034E-01
    0.21535E+02    0.60733E-01
    0.21970E+02    0.57600E-01
    0.22413E+02    0.54628E-01
    0.22866E+02    0.51807E-01
    0.23328E+02    0.49131E-01
    0.23799E+02    0.46591E-01
    0.24280E+02    0.44182E-01
    0.24771E+02    0.41896E-01
    0.25271E+02    0.39727E-01
    0.25782E+02    0.37669E-01
    0.26302E+02    0.35717E-01
    0.26834E+02    0.33865E-01
    0.27376E+02    0.32109E-01
    0.27929E+02    0.30442E-01
    0.28493E+02    0.28862E-01
    0.29069E+02    0.27362E-01
    0.29656E+02    0.25940E-01
    0.30255E+02    0.24592E-01
    0.30866E+02    0.23312E-01
    0.31490E+02    0.22099E-01
    0.32126E+02    0.20948E-01
    0.32775E+02    0.19857E-01
    0.33437E+02    0.18822E-01
    0.34112E+02    0.17840E-01
    0.34801E+02    0.16909E-01
    0.35504E+02    0.16027E-01
    0.36222E+02    0.15190E-01
    0.36953E+02    0.14396E-01
    0.37700E+02    0.13644E-01
    0.38462E+02    0.12930E-01
    0.39239E+02    0.12254E-01
    0.40031E+02    0.11612E-01
    0.40840E+02    0.11004E-01
    0.41665E+02    0.10428E-01
    0.42507E+02    0.98812E-02
    0.43365E+02    0.93631E-02
    0.44241E+02    0.88719E-02
    0.45135E+02    0.84062E-02
    0.46047E+02    0.79648E-02
    0.46977E+02    0.75464E-02
    0.47926E+02    0.71498E-02
    0.48894E+02    0.67739E-02
    0.49882E+02    0.64175E-02
    0.50890E+02    0.60798E-02
    0.51918E+02    0.57597E-02
    0.52966E+02    0.54563E-02
    0.54036E+02    0.51688E-02
    0.55128E+02    0.48962E-02
    0.56242E+02    0.46380E-02
    0.57378E+02    0.43932E-02
    0.58537E+02    0.41613E-02
    0.59720E+02    0.39415E-02
    0.60926E+02    0.37332E-02
    0.62157E+02    0.35359E-02
    0.63412E+02    0.33489E-02
    0.64693E+02    0.31716E-02
    0.66000E+02    0.30037E-02
    0.67334E+02    0.28446E-02
    0.68694E+02    0.26939E-02
    0.70082E+02    0.25511E-02
    0.71497E+02    0.24158E-02
    0.72942E+02    0.22876E-02
    0.74415E+02    0.21662E-02
    0.75918E+02    0.20511E-02
    0.77452E+02    0.19421E-02
    0.79017E+02    0.18388E-02
    0.80613E+02    0.17410E-02
    0.82241E+02    0.16484E-02
    0.83903E+02    0.15606E-02
    0.85598E+02    0.14775E-02
    0.87327E+02    0.13987E-02
    0.89091E+02    0.13241E-02
    0.90891E+02    0.12535E-02
    0.92727E+02    0.11866E-02
    0.94600E+02    0.11232E-02
    0.96511E+02    0.10632E-02
    0.98461E+02    0.10063E-02
    0.10045E+03    0.95250E-03
    0.10248E+03    0.90151E-03
    0.10455E+03    0.85323E-03
    0.10666E+03    0.80751E-03
    0.10882E+03    0.76421E-03
    0.11101E+03    0.72321E-03
    0.11326E+03    0.68439E-03
    0.11554E+03    0.64763E-03
    0.11788E+03    0.61282E-03
    0.12026E+03    0.57986E-03
    0.12269E+03    0.54865E-03
    0.12517E+03    0.51911E-03
    0.12770E+03    0.49113E-03
    0.13028E+03    0.46465E-03
    0.13291E+03    0.43958E-03
    0.13559E+03    0.41584E-03
    0.13833E+03    0.39337E-03
    0.14113E+03    0.37210E-03
    0.14398E+03    0.35196E-03
    0.14689E+03    0.33290E-03
    0.14985E+03    0.31486E-03
    0.15288E+03    0.29778E-03
    0.15597E+03    0.28162E-03
    0.15912E+03    0.26632E-03
    0.16233E+03    0.25183E-03
    0.16561E+03    0.23813E-03
    0.16896E+03    0.22516E-03
    0.17237E+03    0.21288E-03
    0.17585E+03    0.20127E-03
    0.17941E+03    0.19027E-03
    0.18303E+03    0.17987E-03
    0.18673E+03    0.17003E-03
    0.19050E+03    0.16071E-03
    0.19435E+03    0.15190E-03
    0.19828E+03    0.14356E-03
    0.20228E+03    0.13567E-03
    0.20637E+03    0.12821E-03
    0.21054E+03    0.12115E-03
    0.21479E+03    0.11447E-03
    0.21913E+03    0.10815E-03
    0.22356E+03    0.10217E-03
    0.22807E+03    0.96519E-04
    0.23268E+03    0.91172E-04
    0.23738E+03    0.86114E-04
    0.24217E+03    0.81330E-04
    0.24707E+03    0.76806E-04
    0.25206E+03    0.72528E-04
    0.25715E+03    0.68483E-04
    0.26234E+03    0.64657E-04
    0.26764E+03    0.61040E-04
    0.27305E+03    0.57621E-04
    0.27857E+03    0.54388E-04
    0.28419E+03    0.51332E-04
    0.28994E+03    0.48443E-04
    0.29579E+03    0.45712E-04
    0.30177E+03    0.43131E-04
    0.30786E+03    0.40691E-04
    0.31408E+03    0.38386E-04
    0.32043E+03    0.36207E-04
    0.32690E+03    0.34149E-04
    0.33351E+03    0.32204E-04
    0.34024E+03    0.30367E-04
    0.34712E+03    0.28631E-04
    0.35413E+03    0.26992E-04
    0.36128E+03    0.25443E-04
    0.36858E+03    0.23981E-04
    0.37603E+03    0.22600E-04
    0.38362E+03    0.21296E-04
    0.39137E+03    0.20065E-04
    0.39928E+03    0.18903E-04
    0.40734E+03    0.17806E-04
    0.41557E+03    0.16771E-04
    0.42397E+03    0.15794E-04
    0.43253E+03    0.14872E-04
    0.44127E+03    0.14003E-04
    0.45019E+03    0.13182E-04
    0.45928E+03    0.12409E-04
    0.46856E+03    0.11679E-04
    0.47802E+03    0.10991E-04
    0.48768E+03    0.10342E-04
    0.49753E+03    0.97305E-05
    0.50758E+03    0.91538E-05
    0.51784E+03    0.86104E-05
    0.52830E+03    0.80988E-05
