#           k/h    P           
    0.10000E-03    0.24171E+00
    0.10202E-03    0.24645E+00
    0.10408E-03    0.25128E+00
    0.10618E-03    0.25620E+00
    0.10833E-03    0.26121E+00
    0.11052E-03    0.26633E+00
    0.11275E-03    0.27155E+00
    0.11503E-03    0.27687E+00
    0.11735E-03    0.28229E+00
    0.11972E-03    0.28782E+00
    0.12214E-03    0.29345E+00
    0.12461E-03    0.29920E+00
    0.12712E-03    0.30506E+00
    0.12969E-03    0.31103E+00
    0.13231E-03    0.31712E+00
    0.13499E-03    0.32333E+00
    0.13771E-03    0.32967E+00
    0.14049E-03    0.33612E+00
    0.14333E-03    0.34270E+00
    0.14623E-03    0.34942E+00
    0.14918E-03    0.35626E+00
    0.15220E-03    0.36323E+00
    0.15527E-03    0.37035E+00
    0.15841E-03    0.37760E+00
    0.16161E-03    0.38499E+00
    0.16487E-03    0.39253E+00
    0.16820E-03    0.40022E+00
    0.17160E-03    0.40805E+00
    0.17507E-03    0.41604E+00
    0.17860E-03    0.42419E+00
    0.18221E-03    0.43249E+00
    0.18589E-03    0.44096E+00
    0.18965E-03    0.44959E+00
    0.19348E-03    0.45839E+00
    0.19739E-03    0.46737E+00
    0.20138E-03    0.47652E+00
    0.20544E-03    0.48584E+00
    0.20959E-03    0.49535E+00
    0.21383E-03    0.50505E+00
    0.21815E-03    0.51494E+00
    0.22255E-03    0.52501E+00
    0.22705E-03    0.53529E+00
    0.23164E-03    0.54577E+00
    0.23632E-03    0.55645E+00
    0.24109E-03    0.56734E+00
    0.24596E-03    0.57844E+00
    0.25093E-03    0.58976E+00
    0.25600E-03    0.60130E+00
    0.26117E-03    0.61306E+00
    0.26645E-03    0.62506E+00
    0.27183E-03    0.63729E+00
    0.27732E-03    0.64976E+00
    0.28292E-03    0.66247E+00
    0.28864E-03    0.67543E+00
    0.29447E-03    0.68864E+00
    0.30042E-03    0.70211E+00
    0.30649E-03    0.71584E+00
    0.31268E-03    0.72984E+00
    0.31899E-03    0.74411E+00
    0.32544E-03    0.75866E+00
    0.33201E-03    0.77349E+00
    0.33872E-03    0.78862E+00
    0.34556E-03    0.80403E+00
    0.35254E-03    0.81975E+00
    0.35966E-03    0.83577E+00
    0.36693E-03    0.85211E+00
    0.37434E-03    0.86876E+00
    0.38190E-03    0.88574E+00
    0.38962E-03    0.90304E+00
    0.39749E-03    0.92069E+00
    0.40552E-03    0.93867E+00
    0.41371E-03    0.95701E+00
    0.42207E-03    0.97570E+00
    0.43060E-03    0.99475E+00
    0.43929E-03    0.10142E+01
    0.44817E-03    0.10340E+01
    0.45722E-03    0.10542E+01
    0.46646E-03    0.10747E+01
    0.47588E-03    0.10957E+01
    0.48550E-03    0.11171E+01
    0.49530E-03    0.11389E+01
    0.50531E-03    0.11611E+01
    0.51552E-03    0.11837E+01
    0.52593E-03    0.12068E+01
    0.53656E-03    0.12303E+01
    0.54739E-03    0.12543E+01
    0.55845E-03    0.12787E+01
    0.56973E-03    0.13037E+01
    0.58124E-03    0.13291E+01
    0.59299E-03    0.13549E+01
    0.60496E-03    0.13813E+01
    0.61719E-03    0.14082E+01
    0.62965E-03    0.14356E+01
    0.64237E-03    0.14635E+01
    0.65535E-03    0.14920E+01
    0.66859E-03    0.15210E+01
    0.68210E-03    0.15506E+01
    0.69588E-03    0.15807E+01
    0.70993E-03    0.16114E+01
    0.72427E-03    0.16427E+01
    0.73891E-03    0.16745E+01
    0.75383E-03    0.17070E+01
    0.76906E-03    0.17401E+01
    0.78460E-03    0.17739E+01
    0.80045E-03    0.18083E+01
    0.81662E-03    0.18433E+01
    0.83311E-03    0.18790E+01
    0.84994E-03    0.19153E+01
    0.86711E-03    0.19524E+01
    0.88463E-03    0.19901E+01
    0.90250E-03    0.20286E+01
    0.92073E-03    0.20677E+01
    0.93933E-03    0.21077E+01
    0.95831E-03    0.21483E+01
    0.97767E-03    0.21897E+01
    0.99742E-03    0.22319E+01
    0.10176E-02    0.22749E+01
    0.10381E-02    0.23186E+01
    0.10591E-02    0.23632E+01
    0.10805E-02    0.24086E+01
    0.11023E-02    0.24549E+01
    0.11246E-02    0.25019E+01
    0.11473E-02    0.25499E+01
    0.11705E-02    0.25987E+01
    0.11941E-02    0.26484E+01
    0.12182E-02    0.26990E+01
    0.12429E-02    0.27506E+01
    0.12680E-02    0.28030E+01
    0.12936E-02    0.28564E+01
    0.13197E-02    0.29108E+01
    0.13464E-02    0.29661E+01
    0.13736E-02    0.30224E+01
    0.14013E-02    0.30798E+01
    0.14296E-02    0.31381E+01
    0.14585E-02    0.31975E+01
    0.14880E-02    0.32579E+01
    0.15180E-02    0.33193E+01
    0.15487E-02    0.33818E+01
    0.15800E-02    0.34454E+01
    0.16119E-02    0.35101E+01
    0.16445E-02    0.35759E+01
    0.16777E-02    0.36428E+01
    0.17116E-02    0.37109E+01
    0.17462E-02    0.37801E+01
    0.17814E-02    0.38504E+01
    0.18174E-02    0.39219E+01
    0.18541E-02    0.39946E+01
    0.18916E-02    0.40685E+01
    0.19298E-02    0.41436E+01
    0.19688E-02    0.42199E+01
    0.20086E-02    0.42975E+01
    0.20491E-02    0.43762E+01
    0.20905E-02    0.44562E+01
    0.21328E-02    0.45375E+01
    0.21758E-02    0.46200E+01
    0.22198E-02    0.47038E+01
    0.22646E-02    0.47889E+01
    0.23104E-02    0.48752E+01
    0.23571E-02    0.49628E+01
    0.24047E-02    0.50518E+01
    0.24533E-02    0.51420E+01
    0.25028E-02    0.52335E+01
    0.25534E-02    0.53263E+01
    0.26050E-02    0.54205E+01
    0.26576E-02    0.55159E+01
    0.27113E-02    0.56127E+01
    0.27660E-02    0.57108E+01
    0.28219E-02    0.58102E+01
    0.28789E-02    0.59109E+01
    0.29371E-02    0.60129E+01
    0.29964E-02    0.61162E+01
    0.30569E-02    0.62208E+01
    0.31187E-02    0.63267E+01
    0.31817E-02    0.64339E+01
    0.32460E-02    0.65424E+01
    0.33115E-02    0.66521E+01
    0.33784E-02    0.67631E+01
    0.34467E-02    0.68754E+01
    0.35163E-02    0.69889E+01
    0.35874E-02    0.71036E+01
    0.36598E-02    0.72196E+01
    0.37338E-02    0.73367E+01
    0.38092E-02    0.74550E+01
    0.38861E-02    0.75745E+01
    0.39646E-02    0.76952E+01
    0.40447E-02    0.78170E+01
    0.41264E-02    0.79399E+01
    0.42098E-02    0.80638E+01
    0.42948E-02    0.81889E+01
    0.43816E-02    0.83150E+01
    0.44701E-02    0.84420E+01
    0.45604E-02    0.85701E+01
    0.46525E-02    0.86992E+01
    0.47465E-02    0.88291E+01
    0.48424E-02    0.89600E+01
    0.49402E-02    0.90917E+01
    0.50400E-02    0.92242E+01
    0.51419E-02    0.93576E+01
    0.52457E-02    0.94916E+01
    0.53517E-02    0.96264E+01
    0.54598E-02    0.97618E+01
    0.55701E-02    0.98979E+01
    0.56826E-02    0.10034E+02
    0.57974E-02    0.10172E+02
    0.59145E-02    0.10309E+02
    0.60340E-02    0.10447E+02
    0.61559E-02    0.10585E+02
    0.62803E-02    0.10724E+02
    0.64072E-02    0.10863E+02
    0.65366E-02    0.11001E+02
    0.66686E-02    0.11140E+02
    0.68033E-02    0.11279E+02
    0.69408E-02    0.11418E+02
    0.70810E-02    0.11556E+02
    0.72240E-02    0.11694E+02
    0.73700E-02    0.11832E+02
    0.75189E-02    0.11969E+02
    0.76708E-02    0.12106E+02
    0.78257E-02    0.12242E+02
    0.79838E-02    0.12378E+02
    0.81451E-02    0.12512E+02
    0.83096E-02    0.12645E+02
    0.84775E-02    0.12778E+02
    0.86488E-02    0.12909E+02
    0.88235E-02    0.13038E+02
    0.90017E-02    0.13167E+02
    0.91836E-02    0.13293E+02
    0.93691E-02    0.13418E+02
    0.95583E-02    0.13542E+02
    0.97514E-02    0.13663E+02
    0.99484E-02    0.13782E+02
    0.10149E-01    0.13900E+02
    0.10354E-01    0.14015E+02
    0.10564E-01    0.14127E+02
    0.10777E-01    0.14237E+02
    0.10995E-01    0.14344E+02
    0.11217E-01    0.14448E+02
    0.11443E-01    0.14550E+02
    0.11675E-01    0.14647E+02
    0.11910E-01    0.14742E+02
    0.12151E-01    0.14833E+02
    0.12397E-01    0.14920E+02
    0.12647E-01    0.15004E+02
    0.12902E-01    0.15083E+02
    0.13163E-01    0.15158E+02
    0.13429E-01    0.15228E+02
    0.13700E-01    0.15294E+02
    0.13977E-01    0.15355E+02
    0.14259E-01    0.15411E+02
    0.14547E-01    0.15462E+02
    0.14841E-01    0.15508E+02
    0.15141E-01    0.15549E+02
    0.15447E-01    0.15583E+02
    0.15759E-01    0.15612E+02
    0.16077E-01    0.15635E+02
    0.16402E-01    0.15652E+02
    0.16734E-01    0.15663E+02
    0.17072E-01    0.15667E+02
    0.17416E-01    0.15665E+02
    0.17768E-01    0.15656E+02
    0.18127E-01    0.15640E+02
    0.18493E-01    0.15618E+02
    0.18867E-01    0.15588E+02
    0.19248E-01    0.15551E+02
    0.19637E-01    0.15507E+02
    0.20034E-01    0.15455E+02
    0.20438E-01    0.15397E+02
    0.20851E-01    0.15330E+02
    0.21272E-01    0.15257E+02
    0.21702E-01    0.15176E+02
    0.22141E-01    0.15088E+02
    0.22588E-01    0.14992E+02
    0.23044E-01    0.14889E+02
    0.23510E-01    0.14779E+02
    0.23985E-01    0.14662E+02
    0.24469E-01    0.14538E+02
    0.24964E-01    0.14407E+02
    0.25468E-01    0.14269E+02
    0.25982E-01    0.14125E+02
    0.26507E-01    0.13975E+02
    0.27043E-01    0.13819E+02
    0.27589E-01    0.13657E+02
    0.28146E-01    0.13490E+02
    0.28715E-01    0.13318E+02
    0.29295E-01    0.13142E+02
    0.29887E-01    0.12961E+02
    0.30490E-01    0.12777E+02
    0.31106E-01    0.12589E+02
    0.31735E-01    0.12399E+02
    0.32376E-01    0.12206E+02
    0.33030E-01    0.12012E+02
    0.33697E-01    0.11816E+02
    0.34378E-01    0.11620E+02
    0.35072E-01    0.11423E+02
    0.35781E-01    0.11227E+02
    0.36504E-01    0.11031E+02
    0.37241E-01    0.10838E+02
    0.37993E-01    0.10646E+02
    0.38761E-01    0.10456E+02
    0.39544E-01    0.10270E+02
    0.40343E-01    0.10087E+02
    0.41158E-01    0.99078E+01
    0.41989E-01    0.97331E+01
    0.42838E-01    0.95631E+01
    0.43703E-01    0.93980E+01
    0.44586E-01    0.92382E+01
    0.45486E-01    0.90839E+01
    0.46405E-01    0.89351E+01
    0.47343E-01    0.87921E+01
    0.48299E-01    0.86547E+01
    0.49275E-01    0.85229E+01
    0.50270E-01    0.83965E+01
    0.51286E-01    0.82753E+01
    0.52322E-01    0.81590E+01
    0.53379E-01    0.80470E+01
    0.54457E-01    0.79390E+01
    0.55557E-01    0.78343E+01
    0.56680E-01    0.77322E+01
    0.57825E-01    0.76320E+01
    0.58993E-01    0.75329E+01
    0.60184E-01    0.74339E+01
    0.61400E-01    0.73342E+01
    0.62641E-01    0.72328E+01
    0.63906E-01    0.71288E+01
    0.65197E-01    0.70214E+01
    0.66514E-01    0.69096E+01
    0.67858E-01    0.67927E+01
    0.69229E-01    0.66700E+01
    0.70627E-01    0.65411E+01
    0.72054E-01    0.64055E+01
    0.73510E-01    0.62633E+01
    0.74994E-01    0.61145E+01
    0.76509E-01    0.59593E+01
    0.78055E-01    0.57985E+01
    0.79632E-01    0.56328E+01
    0.81241E-01    0.54632E+01
    0.82882E-01    0.52911E+01
    0.84556E-01    0.51178E+01
    0.86264E-01    0.49450E+01
    0.88007E-01    0.47742E+01
    0.89785E-01    0.46072E+01
    0.91598E-01    0.44454E+01
    0.93449E-01    0.42905E+01
    0.95337E-01    0.41438E+01
    0.97263E-01    0.40064E+01
    0.99227E-01    0.38791E+01
    0.10123E+00    0.37623E+01
    0.10328E+00    0.36564E+01
    0.10536E+00    0.35609E+01
    0.10749E+00    0.34754E+01
    0.10966E+00    0.33989E+01
    0.11188E+00    0.33299E+01
    0.11414E+00    0.32668E+01
    0.11644E+00    0.32077E+01
    0.11880E+00    0.31506E+01
    0.12120E+00    0.30931E+01
    0.12365E+00    0.30334E+01
    0.12614E+00    0.29696E+01
    0.12869E+00    0.29001E+01
    0.13129E+00    0.28241E+01
    0.13394E+00    0.27413E+01
    0.13665E+00    0.26519E+01
    0.13941E+00    0.25571E+01
    0.14223E+00    0.24585E+01
    0.14510E+00    0.23582E+01
    0.14803E+00    0.22585E+01
    0.15102E+00    0.21618E+01
    0.15407E+00    0.20705E+01
    0.15718E+00    0.19863E+01
    0.16036E+00    0.19106E+01
    0.16360E+00    0.18439E+01
    0.16690E+00    0.17862E+01
    0.17028E+00    0.17364E+01
    0.17371E+00    0.16932E+01
    0.17722E+00    0.16543E+01
    0.18080E+00    0.16174E+01
    0.18446E+00    0.15802E+01
    0.18818E+00    0.15406E+01
    0.19198E+00    0.14969E+01
    0.19586E+00    0.14486E+01
    0.19982E+00    0.13958E+01
    0.20386E+00    0.13397E+01
    0.20797E+00    0.12822E+01
    0.21218E+00    0.12254E+01
    0.21646E+00    0.11714E+01
    0.22083E+00    0.11220E+01
    0.22530E+00    0.10782E+01
    0.22985E+00    0.10403E+01
    0.23449E+00    0.10074E+01
    0.23923E+00    0.97832E+00
    0.24406E+00    0.95110E+00
    0.24899E+00    0.92389E+00
    0.25402E+00    0.89521E+00
    0.25915E+00    0.86423E+00
    0.26439E+00    0.83104E+00
    0.26973E+00    0.79651E+00
    0.27518E+00    0.76203E+00
    0.28074E+00    0.72910E+00
    0.28641E+00    0.69889E+00
    0.29219E+00    0.67194E+00
    0.29810E+00    0.64806E+00
    0.30412E+00    0.62640E+00
    0.31026E+00    0.60581E+00
    0.31653E+00    0.58516E+00
    0.32292E+00    0.56376E+00
    0.32945E+00    0.54155E+00
    0.33610E+00    0.51904E+00
    0.34289E+00    0.49707E+00
    0.34982E+00    0.47641E+00
    0.35689E+00    0.45748E+00
    0.36409E+00    0.44020E+00
    0.37145E+00    0.42408E+00
    0.37895E+00    0.40846E+00
    0.38661E+00    0.39286E+00
    0.39442E+00    0.37713E+00
    0.40239E+00    0.36152E+00
    0.41052E+00    0.34644E+00
    0.41881E+00    0.33224E+00
    0.42727E+00    0.31899E+00
    0.43590E+00    0.30653E+00
    0.44471E+00    0.29453E+00
    0.45369E+00    0.28275E+00
    0.46286E+00    0.27114E+00
    0.47221E+00    0.25985E+00
    0.48174E+00    0.24906E+00
    0.49148E+00    0.23885E+00
    0.50141E+00    0.22915E+00
    0.51153E+00    0.21982E+00
    0.52187E+00    0.21076E+00
    0.53241E+00    0.20196E+00
    0.54317E+00    0.19349E+00
    0.55414E+00    0.18540E+00
    0.56533E+00    0.17768E+00
    0.57675E+00    0.17027E+00
    0.58840E+00    0.16312E+00
    0.60029E+00    0.15622E+00
    0.61242E+00    0.14960E+00
    0.62479E+00    0.14326E+00
    0.63741E+00    0.13719E+00
    0.65029E+00    0.13136E+00
    0.66342E+00    0.12575E+00
    0.67683E+00    0.12037E+00
    0.69050E+00    0.11520E+00
    0.70445E+00    0.11024E+00
    0.71868E+00    0.10549E+00
    0.73320E+00    0.10094E+00
    0.74801E+00    0.96571E-01
    0.76312E+00    0.92383E-01
    0.77854E+00    0.88366E-01
    0.79426E+00    0.84515E-01
    0.81031E+00    0.80824E-01
    0.82668E+00    0.77286E-01
    0.84338E+00    0.73896E-01
    0.86041E+00    0.70648E-01
    0.87780E+00    0.67536E-01
    0.89553E+00    0.64556E-01
    0.91362E+00    0.61701E-01
    0.93208E+00    0.58967E-01
    0.95091E+00    0.56349E-01
    0.97011E+00    0.53843E-01
    0.98971E+00    0.51443E-01
    0.10097E+01    0.49146E-01
    0.10301E+01    0.46947E-01
    0.10509E+01    0.44842E-01
    0.10721E+01    0.42828E-01
    0.10938E+01    0.40901E-01
    0.11159E+01    0.39058E-01
    0.11384E+01    0.37294E-01
    0.11614E+01    0.35607E-01
    0.11849E+01    0.33994E-01
    0.12088E+01    0.32451E-01
    0.12333E+01    0.30976E-01
    0.12582E+01    0.29565E-01
    0.12836E+01    0.28216E-01
    0.13095E+01    0.26927E-01
    0.13360E+01    0.25694E-01
    0.13630E+01    0.24516E-01
    0.13905E+01    0.23390E-01
    0.14186E+01    0.22315E-01
    0.14472E+01    0.21287E-01
    0.14765E+01    0.20305E-01
    0.15063E+01    0.19367E-01
    0.15367E+01    0.18471E-01
    0.15678E+01    0.17614E-01
    0.15994E+01    0.16797E-01
    0.16318E+01    0.16016E-01
    0.16647E+01    0.15271E-01
    0.16984E+01    0.14559E-01
    0.17327E+01    0.13879E-01
    0.17677E+01    0.13230E-01
    0.18034E+01    0.12611E-01
    0.18398E+01    0.12020E-01
    0.18770E+01    0.11456E-01
    0.19149E+01    0.10917E-01
    0.19536E+01    0.10403E-01
    0.19930E+01    0.99132E-02
    0.20333E+01    0.94454E-02
    0.20744E+01    0.89991E-02
    0.21163E+01    0.85733E-02
    0.21590E+01    0.81671E-02
    0.22026E+01    0.77798E-02
    0.22471E+01    0.74103E-02
    0.22925E+01    0.70579E-02
    0.23388E+01    0.67219E-02
    0.23861E+01    0.64015E-02
    0.24343E+01    0.60960E-02
    0.24835E+01    0.58048E-02
    0.25336E+01    0.55271E-02
    0.25848E+01    0.52624E-02
    0.26370E+01    0.50101E-02
    0.26903E+01    0.47696E-02
    0.27447E+01    0.45404E-02
    0.28001E+01    0.43220E-02
    0.28567E+01    0.41139E-02
    0.29144E+01    0.39155E-02
    0.29733E+01    0.37265E-02
    0.30333E+01    0.35465E-02
    0.30946E+01    0.33750E-02
    0.31571E+01    0.32115E-02
    0.32209E+01    0.30559E-02
    0.32860E+01    0.29076E-02
    0.33523E+01    0.27664E-02
    0.34201E+01    0.26319E-02
    0.34892E+01    0.25038E-02
    0.35596E+01    0.23818E-02
    0.36316E+01    0.22657E-02
    0.37049E+01    0.21551E-02
    0.37798E+01    0.20498E-02
    0.38561E+01    0.19495E-02
    0.39340E+01    0.18541E-02
    0.40135E+01    0.17633E-02
    0.40946E+01    0.16768E-02
    0.41773E+01    0.15945E-02
    0.42617E+01    0.15161E-02
    0.43478E+01    0.14416E-02
    0.44356E+01    0.13706E-02
    0.45252E+01    0.13031E-02
    0.46166E+01    0.12388E-02
    0.47099E+01    0.11777E-02
    0.48050E+01    0.11195E-02
    0.49021E+01    0.10642E-02
    0.50011E+01    0.10115E-02
    0.51021E+01    0.96140E-03
    0.52052E+01    0.91375E-03
    0.53104E+01    0.86842E-03
    0.54176E+01    0.82530E-03
    0.55271E+01    0.78430E-03
    0.56387E+01    0.74529E-03
    0.57526E+01    0.70820E-03
    0.58689E+01    0.67293E-03
    0.59874E+01    0.63938E-03
    0.61084E+01    0.60749E-03
    0.62318E+01    0.57716E-03
    0.63577E+01    0.54832E-03
    0.64861E+01    0.52090E-03
    0.66171E+01    0.49484E-03
    0.67508E+01    0.47006E-03
    0.68872E+01    0.44650E-03
    0.70263E+01    0.42411E-03
    0.71682E+01    0.40282E-03
    0.73130E+01    0.38259E-03
    0.74608E+01    0.36336E-03
    0.76115E+01    0.34508E-03
    0.77653E+01    0.32771E-03
    0.79221E+01    0.31121E-03
    0.80822E+01    0.29552E-03
    0.82454E+01    0.28062E-03
    0.84120E+01    0.26645E-03
    0.85819E+01    0.25300E-03
    0.87553E+01    0.24021E-03
    0.89322E+01    0.22806E-03
    0.91126E+01    0.21652E-03
    0.92967E+01    0.20555E-03
    0.94845E+01    0.19514E-03
    0.96761E+01    0.18524E-03
    0.98716E+01    0.17584E-03
    0.10071E+02    0.16691E-03
    0.10274E+02    0.15843E-03
    0.10482E+02    0.15038E-03
    0.10694E+02    0.14273E-03
    0.10910E+02    0.13546E-03
    0.11130E+02    0.12857E-03
    0.11355E+02    0.12201E-03
    0.11584E+02    0.11579E-03
    0.11818E+02    0.10988E-03
    0.12057E+02    0.10427E-03
    0.12301E+02    0.98946E-04
    0.12549E+02    0.93888E-04
    0.12803E+02    0.89086E-04
    0.13061E+02    0.84527E-04
    0.13325E+02    0.80199E-04
    0.13594E+02    0.76090E-04
    0.13869E+02    0.72190E-04
    0.14149E+02    0.68487E-04
    0.14435E+02    0.64972E-04
    0.14727E+02    0.61636E-04
    0.15024E+02    0.58469E-04
    0.15328E+02    0.55463E-04
    0.15637E+02    0.52611E-04
    0.15953E+02    0.49903E-04
    0.16275E+02    0.47334E-04
    0.16604E+02    0.44895E-04
    0.16940E+02    0.42581E-04
    0.17282E+02    0.40385E-04
    0.17631E+02    0.38302E-04
    0.17987E+02    0.36324E-04
    0.18351E+02    0.34448E-04
    0.18721E+02    0.32668E-04
    0.19099E+02    0.30979E-04
    0.19485E+02    0.29376E-04
    0.19879E+02    0.27856E-04
    0.20280E+02    0.26414E-04
    0.20690E+02    0.25045E-04
    0.21108E+02    0.23747E-04
    0.21535E+02    0.22516E-04
    0.21970E+02    0.21347E-04
    0.22413E+02    0.20239E-04
    0.22866E+02    0.19188E-04
    0.23328E+02    0.18191E-04
    0.23799E+02    0.17246E-04
    0.24280E+02    0.16349E-04
    0.24771E+02    0.15498E-04
    0.25271E+02    0.14691E-04
    0.25782E+02    0.13926E-04
    0.26302E+02    0.13201E-04
    0.26834E+02    0.12513E-04
    0.27376E+02    0.11860E-04
    0.27929E+02    0.11241E-04
    0.28493E+02    0.10654E-04
    0.29069E+02    0.10098E-04
    0.29656E+02    0.95704E-05
    0.30255E+02    0.90702E-05
    0.30866E+02    0.85959E-05
    0.31490E+02    0.81462E-05
    0.32126E+02    0.77198E-05
    0.32775E+02    0.73156E-05
    0.33437E+02    0.69324E-05
    0.34112E+02    0.65691E-05
    0.34801E+02    0.62247E-05
    0.35504E+02    0.58982E-05
    0.36222E+02    0.55887E-05
    0.36953E+02    0.52953E-05
    0.37700E+02    0.50172E-05
    0.38462E+02    0.47536E-05
    0.39239E+02    0.45037E-05
    0.40031E+02    0.42669E-05
    0.40840E+02    0.40424E-05
    0.41665E+02    0.38296E-05
    0.42507E+02    0.36280E-05
    0.43365E+02    0.34369E-05
    0.44241E+02    0.32558E-05
    0.45135E+02    0.30841E-05
    0.46047E+02    0.29215E-05
    0.46977E+02    0.27673E-05
    0.47926E+02    0.26212E-05
    0.48894E+02    0.24828E-05
    0.49882E+02    0.23517E-05
    0.50890E+02    0.22274E-05
    0.51918E+02    0.21096E-05
    0.52966E+02    0.19980E-05
    0.54036E+02    0.18923E-05
    0.55128E+02    0.17921E-05
    0.56242E+02    0.16972E-05
    0.57378E+02    0.16073E-05
    0.58537E+02    0.15221E-05
    0.59720E+02    0.14414E-05
    0.60926E+02    0.13649E-05
    0.62157E+02    0.12925E-05
    0.63412E+02    0.12238E-05
    0.64693E+02    0.11588E-05
    0.66000E+02    0.10973E-05
    0.67334E+02    0.10389E-05
    0.68694E+02    0.98366E-06
    0.70082E+02    0.93132E-06
    0.71497E+02    0.88175E-06
    0.72942E+02    0.83479E-06
    0.74415E+02    0.79032E-06
    0.75918E+02    0.74819E-06
    0.77452E+02    0.70829E-06
    0.79017E+02    0.67051E-06
    0.80613E+02    0.63472E-06
    0.82241E+02    0.60083E-06
    0.83903E+02    0.56873E-06
    0.85598E+02    0.53833E-06
    0.87327E+02    0.50955E-06
    0.89091E+02    0.48229E-06
    0.90891E+02    0.45647E-06
    0.92727E+02    0.43203E-06
    0.94600E+02    0.40889E-06
    0.96511E+02    0.38697E-06
    0.98461E+02    0.36622E-06
    0.10045E+03    0.34657E-06
    0.10248E+03    0.32796E-06
    0.10455E+03    0.31035E-06
    0.10666E+03    0.29367E-06
    0.10882E+03    0.27788E-06
    0.11101E+03    0.26293E-06
    0.11326E+03    0.24878E-06
    0.11554E+03    0.23538E-06
    0.11788E+03    0.22270E-06
    0.12026E+03    0.21069E-06
    0.12269E+03    0.19933E-06
    0.12517E+03    0.18857E-06
    0.12770E+03    0.17838E-06
    0.13028E+03    0.16874E-06
    0.13291E+03    0.15962E-06
    0.13559E+03    0.15098E-06
    0.13833E+03    0.14280E-06
    0.14113E+03    0.13506E-06
    0.14398E+03    0.12774E-06
    0.14689E+03    0.12081E-06
    0.14985E+03    0.11425E-06
    0.15288E+03    0.10804E-06
    0.15597E+03    0.10217E-06
    0.15912E+03    0.96608E-07
    0.16233E+03    0.91347E-07
    0.16561E+03    0.86368E-07
    0.16896E+03    0.81658E-07
    0.17237E+03    0.77200E-07
    0.17585E+03    0.72982E-07
    0.17941E+03    0.68991E-07
    0.18303E+03    0.65216E-07
    0.18673E+03    0.61643E-07
    0.19050E+03    0.58264E-07
    0.19435E+03    0.55066E-07
    0.19828E+03    0.52041E-07
    0.20228E+03    0.49180E-07
    0.20637E+03    0.46473E-07
    0.21054E+03    0.43913E-07
    0.21479E+03    0.41491E-07
    0.21913E+03    0.39200E-07
    0.22356E+03    0.37033E-07
    0.22807E+03    0.34984E-07
    0.23268E+03    0.33046E-07
    0.23738E+03    0.31213E-07
    0.24217E+03    0.29480E-07
    0.24707E+03    0.27841E-07
    0.25206E+03    0.26291E-07
    0.25715E+03    0.24826E-07
    0.26234E+03    0.23441E-07
    0.26764E+03    0.22131E-07
    0.27305E+03    0.20892E-07
    0.27857E+03    0.19722E-07
    0.28419E+03    0.18615E-07
    0.28994E+03    0.17569E-07
    0.29579E+03    0.16580E-07
    0.30177E+03    0.15646E-07
    0.30786E+03    0.14763E-07
    0.31408E+03    0.13928E-07
    0.32043E+03    0.13140E-07
    0.32690E+03    0.12395E-07
    0.33351E+03    0.11691E-07
    0.34024E+03    0.11026E-07
    0.34712E+03    0.10398E-07
    0.35413E+03    0.98042E-08
    0.36128E+03    0.92437E-08
    0.36858E+03    0.87144E-08
    0.37603E+03    0.82146E-08
    0.38362E+03    0.77426E-08
    0.39137E+03    0.72970E-08
    0.39928E+03    0.68764E-08
    0.40734E+03    0.64793E-08
    0.41557E+03    0.61045E-08
    0.42397E+03    0.57507E-08
    0.43253E+03    0.54170E-08
    0.44127E+03    0.51021E-08
    0.45019E+03    0.48050E-08
    0.45928E+03    0.45248E-08
    0.46856E+03    0.42605E-08
    0.47802E+03    0.40111E-08
    0.48768E+03    0.37760E-08
    0.49753E+03    0.35543E-08
    0.50758E+03    0.33456E-08
