#           k/h    P           
    0.10000E-03    0.37107E+01
    0.10202E-03    0.37834E+01
    0.10408E-03    0.38575E+01
    0.10618E-03    0.39331E+01
    0.10833E-03    0.40101E+01
    0.11052E-03    0.40886E+01
    0.11275E-03    0.41687E+01
    0.11503E-03    0.42504E+01
    0.11735E-03    0.43336E+01
    0.11972E-03    0.44185E+01
    0.12214E-03    0.45050E+01
    0.12461E-03    0.45932E+01
    0.12712E-03    0.46832E+01
    0.12969E-03    0.47749E+01
    0.13231E-03    0.48684E+01
    0.13499E-03    0.49637E+01
    0.13771E-03    0.50609E+01
    0.14049E-03    0.51600E+01
    0.14333E-03    0.52611E+01
    0.14623E-03    0.53641E+01
    0.14918E-03    0.54691E+01
    0.15220E-03    0.55762E+01
    0.15527E-03    0.56854E+01
    0.15841E-03    0.57967E+01
    0.16161E-03    0.59102E+01
    0.16487E-03    0.60260E+01
    0.16820E-03    0.61439E+01
    0.17160E-03    0.62642E+01
    0.17507E-03    0.63869E+01
    0.17860E-03    0.65119E+01
    0.18221E-03    0.66394E+01
    0.18589E-03    0.67694E+01
    0.18965E-03    0.69019E+01
    0.19348E-03    0.70370E+01
    0.19739E-03    0.71748E+01
    0.20138E-03    0.73152E+01
    0.20544E-03    0.74584E+01
    0.20959E-03    0.76044E+01
    0.21383E-03    0.77532E+01
    0.21815E-03    0.79050E+01
    0.22255E-03    0.80597E+01
    0.22705E-03    0.82174E+01
    0.23164E-03    0.83782E+01
    0.23632E-03    0.85422E+01
    0.24109E-03    0.87093E+01
    0.24596E-03    0.88798E+01
    0.25093E-03    0.90535E+01
    0.25600E-03    0.92307E+01
    0.26117E-03    0.94113E+01
    0.26645E-03    0.95954E+01
    0.27183E-03    0.97831E+01
    0.27732E-03    0.99745E+01
    0.28292E-03    0.10170E+02
    0.28864E-03    0.10368E+02
    0.29447E-03    0.10571E+02
    0.30042E-03    0.10778E+02
    0.30649E-03    0.10989E+02
    0.31268E-03    0.11204E+02
    0.31899E-03    0.11423E+02
    0.32544E-03    0.11646E+02
    0.33201E-03    0.11874E+02
    0.33872E-03    0.12106E+02
    0.34556E-03    0.12342E+02
    0.35254E-03    0.12584E+02
    0.35966E-03    0.12830E+02
    0.36693E-03    0.13080E+02
    0.37434E-03    0.13336E+02
    0.38190E-03    0.13596E+02
    0.38962E-03    0.13862E+02
    0.39749E-03    0.14133E+02
    0.40552E-03    0.14409E+02
    0.41371E-03    0.14690E+02
    0.42207E-03    0.14977E+02
    0.43060E-03    0.15269E+02
    0.43929E-03    0.15567E+02
    0.44817E-03    0.15871E+02
    0.45722E-03    0.16181E+02
    0.46646E-03    0.16497E+02
    0.47588E-03    0.16819E+02
    0.48550E-03    0.17147E+02
    0.49530E-03    0.17481E+02
    0.50531E-03    0.17822E+02
    0.51552E-03    0.18169E+02
    0.52593E-03    0.18523E+02
    0.53656E-03    0.18884E+02
    0.54739E-03    0.19252E+02
    0.55845E-03    0.19627E+02
    0.56973E-03    0.20010E+02
    0.58124E-03    0.20399E+02
    0.59299E-03    0.20796E+02
    0.60496E-03    0.21201E+02
    0.61719E-03    0.21613E+02
    0.62965E-03    0.22034E+02
    0.64237E-03    0.22462E+02
    0.65535E-03    0.22899E+02
    0.66859E-03    0.23344E+02
    0.68210E-03    0.23797E+02
    0.69588E-03    0.24259E+02
    0.70993E-03    0.24730E+02
    0.72427E-03    0.25210E+02
    0.73891E-03    0.25699E+02
    0.75383E-03    0.26197E+02
    0.76906E-03    0.26705E+02
    0.78460E-03    0.27222E+02
    0.80045E-03    0.27750E+02
    0.81662E-03    0.28287E+02
    0.83311E-03    0.28834E+02
    0.84994E-03    0.29391E+02
    0.86711E-03    0.29960E+02
    0.88463E-03    0.30538E+02
    0.90250E-03    0.31128E+02
    0.92073E-03    0.31729E+02
    0.93933E-03    0.32340E+02
    0.95831E-03    0.32964E+02
    0.97767E-03    0.33599E+02
    0.99742E-03    0.34245E+02
    0.10176E-02    0.34904E+02
    0.10381E-02    0.35575E+02
    0.10591E-02    0.36258E+02
    0.10805E-02    0.36954E+02
    0.11023E-02    0.37662E+02
    0.11246E-02    0.38384E+02
    0.11473E-02    0.39119E+02
    0.11705E-02    0.39867E+02
    0.11941E-02    0.40629E+02
    0.12182E-02    0.41405E+02
    0.12429E-02    0.42194E+02
    0.12680E-02    0.42998E+02
    0.12936E-02    0.43817E+02
    0.13197E-02    0.44650E+02
    0.13464E-02    0.45498E+02
    0.13736E-02    0.46361E+02
    0.14013E-02    0.47239E+02
    0.14296E-02    0.48133E+02
    0.14585E-02    0.49042E+02
    0.14880E-02    0.49968E+02
    0.15180E-02    0.50910E+02
    0.15487E-02    0.51868E+02
    0.15800E-02    0.52842E+02
    0.16119E-02    0.53834E+02
    0.16445E-02    0.54842E+02
    0.16777E-02    0.55868E+02
    0.17116E-02    0.56911E+02
    0.17462E-02    0.57972E+02
    0.17814E-02    0.59050E+02
    0.18174E-02    0.60147E+02
    0.18541E-02    0.61261E+02
    0.18916E-02    0.62395E+02
    0.19298E-02    0.63547E+02
    0.19688E-02    0.64717E+02
    0.20086E-02    0.65907E+02
    0.20491E-02    0.67116E+02
    0.20905E-02    0.68344E+02
    0.21328E-02    0.69592E+02
    0.21758E-02    0.70860E+02
    0.22198E-02    0.72147E+02
    0.22646E-02    0.73455E+02
    0.23104E-02    0.74782E+02
    0.23571E-02    0.76130E+02
    0.24047E-02    0.77499E+02
    0.24533E-02    0.78888E+02
    0.25028E-02    0.80298E+02
    0.25534E-02    0.81729E+02
    0.26050E-02    0.83181E+02
    0.26576E-02    0.84655E+02
    0.27113E-02    0.86149E+02
    0.27660E-02    0.87665E+02
    0.28219E-02    0.89202E+02
    0.28789E-02    0.90761E+02
    0.29371E-02    0.92342E+02
    0.29964E-02    0.93944E+02
    0.30569E-02    0.95568E+02
    0.31187E-02    0.97214E+02
    0.31817E-02    0.98881E+02
    0.32460E-02    0.10057E+03
    0.33115E-02    0.10228E+03
    0.33784E-02    0.10402E+03
    0.34467E-02    0.10577E+03
    0.35163E-02    0.10755E+03
    0.35874E-02    0.10935E+03
    0.36598E-02    0.11117E+03
    0.37338E-02    0.11301E+03
    0.38092E-02    0.11487E+03
    0.38861E-02    0.11676E+03
    0.39646E-02    0.11866E+03
    0.40447E-02    0.12059E+03
    0.41264E-02    0.12254E+03
    0.42098E-02    0.12451E+03
    0.42948E-02    0.12650E+03
    0.43816E-02    0.12851E+03
    0.44701E-02    0.13054E+03
    0.45604E-02    0.13259E+03
    0.46525E-02    0.13466E+03
    0.47465E-02    0.13675E+03
    0.48424E-02    0.13886E+03
    0.49402E-02    0.14099E+03
    0.50400E-02    0.14314E+03
    0.51419E-02    0.14530E+03
    0.52457E-02    0.14748E+03
    0.53517E-02    0.14968E+03
    0.54598E-02    0.15189E+03
    0.55701E-02    0.15413E+03
    0.56826E-02    0.15637E+03
    0.57974E-02    0.15863E+03
    0.59145E-02    0.16091E+03
    0.60340E-02    0.16320E+03
    0.61559E-02    0.16550E+03
    0.62803E-02    0.16782E+03
    0.64072E-02    0.17014E+03
    0.65366E-02    0.17248E+03
    0.66686E-02    0.17482E+03
    0.68033E-02    0.17718E+03
    0.69408E-02    0.17954E+03
    0.70810E-02    0.18191E+03
    0.72240E-02    0.18428E+03
    0.73700E-02    0.18666E+03
    0.75189E-02    0.18905E+03
    0.76708E-02    0.19143E+03
    0.78257E-02    0.19382E+03
    0.79838E-02    0.19621E+03
    0.81451E-02    0.19859E+03
    0.83096E-02    0.20098E+03
    0.84775E-02    0.20336E+03
    0.86488E-02    0.20573E+03
    0.88235E-02    0.20810E+03
    0.90017E-02    0.21045E+03
    0.91836E-02    0.21280E+03
    0.93691E-02    0.21514E+03
    0.95583E-02    0.21746E+03
    0.97514E-02    0.21977E+03
    0.99484E-02    0.22206E+03
    0.10149E-01    0.22433E+03
    0.10354E-01    0.22658E+03
    0.10564E-01    0.22880E+03
    0.10777E-01    0.23100E+03
    0.10995E-01    0.23318E+03
    0.11217E-01    0.23532E+03
    0.11443E-01    0.23743E+03
    0.11675E-01    0.23951E+03
    0.11910E-01    0.24155E+03
    0.12151E-01    0.24355E+03
    0.12397E-01    0.24551E+03
    0.12647E-01    0.24743E+03
    0.12902E-01    0.24930E+03
    0.13163E-01    0.25112E+03
    0.13429E-01    0.25289E+03
    0.13700E-01    0.25461E+03
    0.13977E-01    0.25626E+03
    0.14259E-01    0.25786E+03
    0.14547E-01    0.25939E+03
    0.14841E-01    0.26086E+03
    0.15141E-01    0.26226E+03
    0.15447E-01    0.26359E+03
    0.15759E-01    0.26484E+03
    0.16077E-01    0.26601E+03
    0.16402E-01    0.26711E+03
    0.16734E-01    0.26812E+03
    0.17072E-01    0.26905E+03
    0.17416E-01    0.26988E+03
    0.17768E-01    0.27063E+03
    0.18127E-01    0.27128E+03
    0.18493E-01    0.27183E+03
    0.18867E-01    0.27228E+03
    0.19248E-01    0.27263E+03
    0.19637E-01    0.27288E+03
    0.20034E-01    0.27301E+03
    0.20438E-01    0.27304E+03
    0.20851E-01    0.27296E+03
    0.21272E-01    0.27276E+03
    0.21702E-01    0.27245E+03
    0.22141E-01    0.27202E+03
    0.22588E-01    0.27148E+03
    0.23044E-01    0.27082E+03
    0.23510E-01    0.27004E+03
    0.23985E-01    0.26914E+03
    0.24469E-01    0.26811E+03
    0.24964E-01    0.26697E+03
    0.25468E-01    0.26572E+03
    0.25982E-01    0.26434E+03
    0.26507E-01    0.26285E+03
    0.27043E-01    0.26124E+03
    0.27589E-01    0.25952E+03
    0.28146E-01    0.25769E+03
    0.28715E-01    0.25575E+03
    0.29295E-01    0.25371E+03
    0.29887E-01    0.25156E+03
    0.30490E-01    0.24933E+03
    0.31106E-01    0.24700E+03
    0.31735E-01    0.24458E+03
    0.32376E-01    0.24209E+03
    0.33030E-01    0.23952E+03
    0.33697E-01    0.23688E+03
    0.34378E-01    0.23418E+03
    0.35072E-01    0.23143E+03
    0.35781E-01    0.22863E+03
    0.36504E-01    0.22579E+03
    0.37241E-01    0.22292E+03
    0.37993E-01    0.22003E+03
    0.38761E-01    0.21712E+03
    0.39544E-01    0.21421E+03
    0.40343E-01    0.21130E+03
    0.41158E-01    0.20839E+03
    0.41989E-01    0.20551E+03
    0.42838E-01    0.20264E+03
    0.43703E-01    0.19981E+03
    0.44586E-01    0.19702E+03
    0.45486E-01    0.19428E+03
    0.46405E-01    0.19158E+03
    0.47343E-01    0.18894E+03
    0.48299E-01    0.18636E+03
    0.49275E-01    0.18384E+03
    0.50270E-01    0.18139E+03
    0.51286E-01    0.17900E+03
    0.52322E-01    0.17667E+03
    0.53379E-01    0.17441E+03
    0.54457E-01    0.17221E+03
    0.55557E-01    0.17007E+03
    0.56680E-01    0.16797E+03
    0.57825E-01    0.16592E+03
    0.58993E-01    0.16391E+03
    0.60184E-01    0.16192E+03
    0.61400E-01    0.15995E+03
    0.62641E-01    0.15799E+03
    0.63906E-01    0.15601E+03
    0.65197E-01    0.15401E+03
    0.66514E-01    0.15198E+03
    0.67858E-01    0.14990E+03
    0.69229E-01    0.14776E+03
    0.70627E-01    0.14554E+03
    0.72054E-01    0.14324E+03
    0.73510E-01    0.14085E+03
    0.74994E-01    0.13835E+03
    0.76509E-01    0.13575E+03
    0.78055E-01    0.13304E+03
    0.79632E-01    0.13023E+03
    0.81241E-01    0.12731E+03
    0.82882E-01    0.12431E+03
    0.84556E-01    0.12123E+03
    0.86264E-01    0.11808E+03
    0.88007E-01    0.11490E+03
    0.89785E-01    0.11169E+03
    0.91598E-01    0.10849E+03
    0.93449E-01    0.10532E+03
    0.95337E-01    0.10220E+03
    0.97263E-01    0.99171E+02
    0.99227E-01    0.96243E+02
    0.10123E+00    0.93443E+02
    0.10328E+00    0.90787E+02
    0.10536E+00    0.88291E+02
    0.10749E+00    0.85961E+02
    0.10966E+00    0.83802E+02
    0.11188E+00    0.81809E+02
    0.11414E+00    0.79972E+02
    0.11644E+00    0.78276E+02
    0.11880E+00    0.76699E+02
    0.12120E+00    0.75212E+02
    0.12365E+00    0.73787E+02
    0.12614E+00    0.72388E+02
    0.12869E+00    0.70983E+02
    0.13129E+00    0.69539E+02
    0.13394E+00    0.68028E+02
    0.13665E+00    0.66428E+02
    0.13941E+00    0.64727E+02
    0.14223E+00    0.62922E+02
    0.14510E+00    0.61019E+02
    0.14803E+00    0.59038E+02
    0.15102E+00    0.57006E+02
    0.15407E+00    0.54957E+02
    0.15718E+00    0.52930E+02
    0.16036E+00    0.50965E+02
    0.16360E+00    0.49097E+02
    0.16690E+00    0.47356E+02
    0.17028E+00    0.45762E+02
    0.17371E+00    0.44322E+02
    0.17722E+00    0.43033E+02
    0.18080E+00    0.41878E+02
    0.18446E+00    0.40829E+02
    0.18818E+00    0.39850E+02
    0.19198E+00    0.38902E+02
    0.19586E+00    0.37945E+02
    0.19982E+00    0.36946E+02
    0.20386E+00    0.35883E+02
    0.20797E+00    0.34748E+02
    0.21218E+00    0.33548E+02
    0.21646E+00    0.32305E+02
    0.22083E+00    0.31051E+02
    0.22530E+00    0.29822E+02
    0.22985E+00    0.28653E+02
    0.23449E+00    0.27573E+02
    0.23923E+00    0.26596E+02
    0.24406E+00    0.25721E+02
    0.24899E+00    0.24935E+02
    0.25402E+00    0.24210E+02
    0.25915E+00    0.23515E+02
    0.26439E+00    0.22818E+02
    0.26973E+00    0.22098E+02
    0.27518E+00    0.21342E+02
    0.28074E+00    0.20557E+02
    0.28641E+00    0.19758E+02
    0.29219E+00    0.18972E+02
    0.29810E+00    0.18223E+02
    0.30412E+00    0.17528E+02
    0.31026E+00    0.16895E+02
    0.31653E+00    0.16318E+02
    0.32292E+00    0.15778E+02
    0.32945E+00    0.15257E+02
    0.33610E+00    0.14735E+02
    0.34289E+00    0.14203E+02
    0.34982E+00    0.13663E+02
    0.35689E+00    0.13125E+02
    0.36409E+00    0.12604E+02
    0.37145E+00    0.12113E+02
    0.37895E+00    0.11656E+02
    0.38661E+00    0.11230E+02
    0.39442E+00    0.10826E+02
    0.40239E+00    0.10432E+02
    0.41052E+00    0.10040E+02
    0.41881E+00    0.96497E+01
    0.42727E+00    0.92670E+01
    0.43590E+00    0.88987E+01
    0.44471E+00    0.85500E+01
    0.45369E+00    0.82210E+01
    0.46286E+00    0.79075E+01
    0.47221E+00    0.76039E+01
    0.48174E+00    0.73065E+01
    0.49148E+00    0.70156E+01
    0.50141E+00    0.67339E+01
    0.51153E+00    0.64643E+01
    0.52187E+00    0.62076E+01
    0.53241E+00    0.59619E+01
    0.54317E+00    0.57248E+01
    0.55414E+00    0.54947E+01
    0.56533E+00    0.52717E+01
    0.57675E+00    0.50572E+01
    0.58840E+00    0.48518E+01
    0.60029E+00    0.46549E+01
    0.61242E+00    0.44654E+01
    0.62479E+00    0.42824E+01
    0.63741E+00    0.41060E+01
    0.65029E+00    0.39365E+01
    0.66342E+00    0.37739E+01
    0.67683E+00    0.36177E+01
    0.69050E+00    0.34675E+01
    0.70445E+00    0.33229E+01
    0.71868E+00    0.31840E+01
    0.73320E+00    0.30505E+01
    0.74801E+00    0.29223E+01
    0.76312E+00    0.27993E+01
    0.77854E+00    0.26811E+01
    0.79426E+00    0.25676E+01
    0.81031E+00    0.24586E+01
    0.82668E+00    0.23540E+01
    0.84338E+00    0.22536E+01
    0.86041E+00    0.21572E+01
    0.87780E+00    0.20647E+01
    0.89553E+00    0.19760E+01
    0.91362E+00    0.18909E+01
    0.93208E+00    0.18092E+01
    0.95091E+00    0.17310E+01
    0.97011E+00    0.16559E+01
    0.98971E+00    0.15839E+01
    0.10097E+01    0.15149E+01
    0.10301E+01    0.14488E+01
    0.10509E+01    0.13854E+01
    0.10721E+01    0.13247E+01
    0.10938E+01    0.12665E+01
    0.11159E+01    0.12107E+01
    0.11384E+01    0.11573E+01
    0.11614E+01    0.11061E+01
    0.11849E+01    0.10571E+01
    0.12088E+01    0.10102E+01
    0.12333E+01    0.96529E+00
    0.12582E+01    0.92227E+00
    0.12836E+01    0.88110E+00
    0.13095E+01    0.84169E+00
    0.13360E+01    0.80397E+00
    0.13630E+01    0.76787E+00
    0.13905E+01    0.73333E+00
    0.14186E+01    0.70028E+00
    0.14472E+01    0.66867E+00
    0.14765E+01    0.63843E+00
    0.15063E+01    0.60951E+00
    0.15367E+01    0.58185E+00
    0.15678E+01    0.55540E+00
    0.15994E+01    0.53011E+00
    0.16318E+01    0.50593E+00
    0.16647E+01    0.48281E+00
    0.16984E+01    0.46072E+00
    0.17327E+01    0.43960E+00
    0.17677E+01    0.41942E+00
    0.18034E+01    0.40013E+00
    0.18398E+01    0.38170E+00
    0.18770E+01    0.36410E+00
    0.19149E+01    0.34728E+00
    0.19536E+01    0.33121E+00
    0.19930E+01    0.31586E+00
    0.20333E+01    0.30120E+00
    0.20744E+01    0.28720E+00
    0.21163E+01    0.27384E+00
    0.21590E+01    0.26107E+00
    0.22026E+01    0.24889E+00
    0.22471E+01    0.23725E+00
    0.22925E+01    0.22615E+00
    0.23388E+01    0.21555E+00
    0.23861E+01    0.20543E+00
    0.24343E+01    0.19578E+00
    0.24835E+01    0.18656E+00
    0.25336E+01    0.17777E+00
    0.25848E+01    0.16938E+00
    0.26370E+01    0.16138E+00
    0.26903E+01    0.15374E+00
    0.27447E+01    0.14646E+00
    0.28001E+01    0.13951E+00
    0.28567E+01    0.13289E+00
    0.29144E+01    0.12657E+00
    0.29733E+01    0.12054E+00
    0.30333E+01    0.11480E+00
    0.30946E+01    0.10932E+00
    0.31571E+01    0.10410E+00
    0.32209E+01    0.99118E-01
    0.32860E+01    0.94372E-01
    0.33523E+01    0.89847E-01
    0.34201E+01    0.85534E-01
    0.34892E+01    0.81424E-01
    0.35596E+01    0.77507E-01
    0.36316E+01    0.73775E-01
    0.37049E+01    0.70218E-01
    0.37798E+01    0.66829E-01
    0.38561E+01    0.63600E-01
    0.39340E+01    0.60524E-01
    0.40135E+01    0.57593E-01
    0.40946E+01    0.54801E-01
    0.41773E+01    0.52142E-01
    0.42617E+01    0.49610E-01
    0.43478E+01    0.47198E-01
    0.44356E+01    0.44901E-01
    0.45252E+01    0.42713E-01
    0.46166E+01    0.40630E-01
    0.47099E+01    0.38647E-01
    0.48050E+01    0.36759E-01
    0.49021E+01    0.34961E-01
    0.50011E+01    0.33250E-01
    0.51021E+01    0.31620E-01
    0.52052E+01    0.30070E-01
    0.53104E+01    0.28593E-01
    0.54176E+01    0.27188E-01
    0.55271E+01    0.25851E-01
    0.56387E+01    0.24579E-01
    0.57526E+01    0.23368E-01
    0.58689E+01    0.22215E-01
    0.59874E+01    0.21119E-01
    0.61084E+01    0.20076E-01
    0.62318E+01    0.19083E-01
    0.63577E+01    0.18139E-01
    0.64861E+01    0.17240E-01
    0.66171E+01    0.16386E-01
    0.67508E+01    0.15573E-01
    0.68872E+01    0.14800E-01
    0.70263E+01    0.14064E-01
    0.71682E+01    0.13365E-01
    0.73130E+01    0.12700E-01
    0.74608E+01    0.12067E-01
    0.76115E+01    0.11465E-01
    0.77653E+01    0.10893E-01
    0.79221E+01    0.10350E-01
    0.80822E+01    0.98324E-02
    0.82454E+01    0.93408E-02
    0.84120E+01    0.88733E-02
    0.85819E+01    0.84289E-02
    0.87553E+01    0.80065E-02
    0.89322E+01    0.76049E-02
    0.91126E+01    0.72232E-02
    0.92967E+01    0.68604E-02
    0.94845E+01    0.65156E-02
    0.96761E+01    0.61878E-02
    0.98716E+01    0.58764E-02
    0.10071E+02    0.55803E-02
    0.10274E+02    0.52991E-02
    0.10482E+02    0.50318E-02
    0.10694E+02    0.47778E-02
    0.10910E+02    0.45364E-02
    0.11130E+02    0.43071E-02
    0.11355E+02    0.40893E-02
    0.11584E+02    0.38823E-02
    0.11818E+02    0.36857E-02
    0.12057E+02    0.34989E-02
    0.12301E+02    0.33215E-02
    0.12549E+02    0.31529E-02
    0.12803E+02    0.29928E-02
    0.13061E+02    0.28408E-02
    0.13325E+02    0.26963E-02
    0.13594E+02    0.25591E-02
    0.13869E+02    0.24289E-02
    0.14149E+02    0.23052E-02
    0.14435E+02    0.21877E-02
    0.14727E+02    0.20761E-02
    0.15024E+02    0.19701E-02
    0.15328E+02    0.18696E-02
    0.15637E+02    0.17740E-02
    0.15953E+02    0.16833E-02
    0.16275E+02    0.15972E-02
    0.16604E+02    0.15155E-02
    0.16940E+02    0.14379E-02
    0.17282E+02    0.13642E-02
    0.17631E+02    0.12943E-02
    0.17987E+02    0.12279E-02
    0.18351E+02    0.11648E-02
    0.18721E+02    0.11050E-02
    0.19099E+02    0.10482E-02
    0.19485E+02    0.99435E-03
    0.19879E+02    0.94320E-03
    0.20280E+02    0.89465E-03
    0.20690E+02    0.84858E-03
    0.21108E+02    0.80486E-03
    0.21535E+02    0.76337E-03
    0.21970E+02    0.72399E-03
    0.22413E+02    0.68663E-03
    0.22866E+02    0.65118E-03
    0.23328E+02    0.61754E-03
    0.23799E+02    0.58562E-03
    0.24280E+02    0.55534E-03
    0.24771E+02    0.52661E-03
    0.25271E+02    0.49935E-03
    0.25782E+02    0.47348E-03
    0.26302E+02    0.44895E-03
    0.26834E+02    0.42567E-03
    0.27376E+02    0.40359E-03
    0.27929E+02    0.38265E-03
    0.28493E+02    0.36278E-03
    0.29069E+02    0.34394E-03
    0.29656E+02    0.32606E-03
    0.30255E+02    0.30911E-03
    0.30866E+02    0.29303E-03
    0.31490E+02    0.27778E-03
    0.32126E+02    0.26331E-03
    0.32775E+02    0.24960E-03
    0.33437E+02    0.23659E-03
    0.34112E+02    0.22425E-03
    0.34801E+02    0.21255E-03
    0.35504E+02    0.20146E-03
    0.36222E+02    0.19094E-03
    0.36953E+02    0.18096E-03
    0.37700E+02    0.17151E-03
    0.38462E+02    0.16254E-03
    0.39239E+02    0.15404E-03
    0.40031E+02    0.14597E-03
    0.40840E+02    0.13833E-03
    0.41665E+02    0.13108E-03
    0.42507E+02    0.12421E-03
    0.43365E+02    0.11770E-03
    0.44241E+02    0.11153E-03
    0.45135E+02    0.10568E-03
    0.46047E+02    0.10013E-03
    0.46977E+02    0.94868E-04
    0.47926E+02    0.89883E-04
    0.48894E+02    0.85157E-04
    0.49882E+02    0.80679E-04
    0.50890E+02    0.76433E-04
    0.51918E+02    0.72410E-04
    0.52966E+02    0.68596E-04
    0.54036E+02    0.64982E-04
    0.55128E+02    0.61557E-04
    0.56242E+02    0.58310E-04
    0.57378E+02    0.55234E-04
    0.58537E+02    0.52318E-04
    0.59720E+02    0.49556E-04
    0.60926E+02    0.46938E-04
    0.62157E+02    0.44457E-04
    0.63412E+02    0.42106E-04
    0.64693E+02    0.39879E-04
    0.66000E+02    0.37768E-04
    0.67334E+02    0.35768E-04
    0.68694E+02    0.33874E-04
    0.70082E+02    0.32078E-04
    0.71497E+02    0.30377E-04
    0.72942E+02    0.28766E-04
    0.74415E+02    0.27239E-04
    0.75918E+02    0.25793E-04
    0.77452E+02    0.24423E-04
    0.79017E+02    0.23125E-04
    0.80613E+02    0.21895E-04
    0.82241E+02    0.20731E-04
    0.83903E+02    0.19627E-04
    0.85598E+02    0.18582E-04
    0.87327E+02    0.17592E-04
    0.89091E+02    0.16655E-04
    0.90891E+02    0.15767E-04
    0.92727E+02    0.14925E-04
    0.94600E+02    0.14129E-04
    0.96511E+02    0.13374E-04
    0.98461E+02    0.12659E-04
    0.10045E+03    0.11983E-04
    0.10248E+03    0.11342E-04
    0.10455E+03    0.10735E-04
    0.10666E+03    0.10160E-04
    0.10882E+03    0.96154E-05
    0.11101E+03    0.90999E-05
    0.11326E+03    0.86118E-05
    0.11554E+03    0.81496E-05
    0.11788E+03    0.77119E-05
    0.12026E+03    0.72975E-05
    0.12269E+03    0.69052E-05
    0.12517E+03    0.65337E-05
    0.12770E+03    0.61819E-05
    0.13028E+03    0.58489E-05
    0.13291E+03    0.55336E-05
    0.13559E+03    0.52352E-05
    0.13833E+03    0.49526E-05
    0.14113E+03    0.46851E-05
    0.14398E+03    0.44319E-05
    0.14689E+03    0.41922E-05
    0.14985E+03    0.39653E-05
    0.15288E+03    0.37505E-05
    0.15597E+03    0.35472E-05
    0.15912E+03    0.33548E-05
    0.16233E+03    0.31726E-05
    0.16561E+03    0.30002E-05
    0.16896E+03    0.28371E-05
    0.17237E+03    0.26827E-05
    0.17585E+03    0.25366E-05
    0.17941E+03    0.23983E-05
    0.18303E+03    0.22674E-05
    0.18673E+03    0.21436E-05
    0.19050E+03    0.20264E-05
    0.19435E+03    0.19155E-05
    0.19828E+03    0.18106E-05
    0.20228E+03    0.17113E-05
    0.20637E+03    0.16174E-05
    0.21054E+03    0.15286E-05
    0.21479E+03    0.14445E-05
    0.21913E+03    0.13650E-05
    0.22356E+03    0.12897E-05
    0.22807E+03    0.12186E-05
    0.23268E+03    0.11513E-05
    0.23738E+03    0.10876E-05
    0.24217E+03    0.10274E-05
    0.24707E+03    0.97040E-06
    0.25206E+03    0.91653E-06
    0.25715E+03    0.86558E-06
    0.26234E+03    0.81741E-06
    0.26764E+03    0.77185E-06
    0.27305E+03    0.72878E-06
    0.27857E+03    0.68805E-06
    0.28419E+03    0.64954E-06
    0.28994E+03    0.61314E-06
    0.29579E+03    0.57873E-06
    0.30177E+03    0.54620E-06
    0.30786E+03    0.51545E-06
    0.31408E+03    0.48639E-06
    0.32043E+03    0.45892E-06
    0.32690E+03    0.43296E-06
    0.33351E+03    0.40843E-06
    0.34024E+03    0.38526E-06
    0.34712E+03    0.36336E-06
    0.35413E+03    0.34267E-06
    0.36128E+03    0.32313E-06
    0.36858E+03    0.30467E-06
    0.37603E+03    0.28724E-06
    0.38362E+03    0.27077E-06
    0.39137E+03    0.25522E-06
    0.39928E+03    0.24054E-06
    0.40734E+03    0.22668E-06
    0.41557E+03    0.21360E-06
    0.42397E+03    0.20125E-06
    0.43253E+03    0.18959E-06
    0.44127E+03    0.17859E-06
    0.45019E+03    0.16821E-06
    0.45928E+03    0.15842E-06
    0.46856E+03    0.14918E-06
    0.47802E+03    0.14047E-06
    0.48768E+03    0.13225E-06
    0.49753E+03    0.12450E-06
    0.50758E+03    0.11719E-06
    0.51784E+03    0.11030E-06
    0.52830E+03    0.10381E-06
